created_at,pull_requests
2010-11-01,1
2011-05-25,1
2011-10-18,1
2012-01-17,1
2012-05-23,1
2013-01-28,1
2013-07-08,1
2013-10-28,1
2013-12-20,1
2014-02-20,1
2014-02-21,2
2014-03-13,1
2014-04-11,1
2014-04-27,1
2014-05-27,1
2014-05-29,3
2014-05-30,3
2014-06-04,3
2014-06-11,1
2014-06-22,1
2014-06-23,2
2014-06-24,2
2014-06-30,2
2014-07-05,1
2014-07-06,1
2014-07-07,2
2014-07-11,1
2014-08-01,1
2014-09-07,1
2014-09-08,1
2014-09-09,1
2014-09-17,1
2014-09-30,1
2014-10-01,2
2014-10-03,1
2014-10-04,1
2014-10-06,2
2014-10-07,1
2014-10-09,1
2014-10-16,1
2014-10-22,2
2014-10-24,2
2014-10-29,2
2014-10-30,1
2014-11-05,2
2014-11-06,2
2014-11-07,3
2014-11-09,1
2014-11-10,3
2014-11-12,1
2014-11-13,2
2014-11-14,1
2014-11-15,1
2014-11-16,1
2014-11-17,1
2014-11-21,3
2014-11-22,3
2014-11-23,6
2014-11-24,4
2014-11-25,3
2014-11-27,2
2014-11-28,1
2014-11-29,4
2014-11-30,1
2014-12-01,2
2014-12-02,2
2014-12-04,2
2014-12-06,1
2014-12-10,3
2014-12-11,3
2014-12-12,5
2014-12-13,2
2014-12-14,2
2014-12-15,1
2014-12-16,1
2014-12-23,1
2014-12-24,1
2014-12-25,2
2014-12-28,2
2014-12-29,1
2014-12-30,1
2015-01-12,1
2015-01-14,1
2015-01-15,2
2015-01-20,2
2015-01-21,2
2015-01-22,1
2015-01-26,3
2015-01-28,1
2015-02-01,2
2015-02-03,1
2015-02-07,1
2015-02-08,4
2015-02-09,2
2015-02-10,2
2015-02-11,3
2015-02-19,1
2015-02-21,1
2015-02-22,5
2015-02-23,5
2015-02-25,3
2015-02-26,2
2015-02-28,1
2015-03-04,1
2015-03-07,1
2015-03-16,1
2015-03-20,1
2015-03-27,1
2015-04-04,3
2015-04-06,1
2015-04-07,2
2015-04-08,2
2015-04-10,1
2015-04-12,2
2015-04-13,1
2015-04-14,1
2015-04-16,2
2015-04-18,1
2015-04-22,2
2015-04-23,1
2015-04-24,3
2015-04-26,3
2015-04-27,1
2015-04-28,2
2015-04-30,2
2015-05-03,1
2015-05-06,1
2015-05-09,1
2015-05-12,2
2015-05-13,1
2015-05-14,1
2015-05-15,1
2015-05-16,2
2015-05-17,1
2015-05-18,4
2015-05-19,1
2015-05-20,1
2015-05-21,1
2015-05-23,1
2015-05-27,1
2015-05-28,2
2015-05-29,3
2015-06-02,1
2015-06-03,1
2015-06-04,1
2015-06-05,2
2015-06-06,1
2015-06-08,1
2015-06-09,1
2015-06-10,1
2015-06-11,3
2015-06-12,3
2015-06-13,1
2015-06-14,2
2015-06-15,1
2015-06-17,2
2015-06-18,4
2015-06-20,5
2015-06-21,1
2015-06-23,1
2015-06-24,1
2015-06-25,4
2015-06-26,1
2015-06-28,2
2015-06-29,1
2015-06-30,1
2015-07-01,5
2015-07-02,3
2015-07-03,1
2015-07-05,1
2015-07-06,2
2015-07-07,2
2015-07-08,1
2015-07-09,1
2015-07-10,1
2015-07-11,1
2015-07-12,3
2015-07-13,3
2015-07-14,2
2015-07-15,2
2015-07-16,1
2015-07-20,1
2015-07-21,3
2015-07-22,1
2015-07-23,1
2015-07-24,2
2015-07-25,2
2015-07-26,2
2015-07-27,4
2015-07-28,2
2015-07-30,2
2015-07-31,1
2015-08-01,2
2015-08-02,3
2015-08-05,2
2015-08-06,3
2015-08-07,4
2015-08-08,1
2015-08-09,4
2015-08-10,5
2015-08-11,5
2015-08-12,3
2015-08-14,3
2015-08-18,1
2015-08-19,1
2015-08-22,2
2015-08-23,4
2015-08-24,1
2015-08-27,1
2015-08-29,1
2015-08-31,1
2015-09-03,2
2015-09-07,2
2015-09-08,1
2015-09-09,2
2015-09-11,1
2015-09-16,4
2015-09-17,3
2015-09-18,1
2015-09-19,1
2015-09-21,1
2015-09-22,2
2015-09-24,3
2015-09-25,4
2015-09-28,1
2015-09-29,2
2015-09-30,2
2015-10-01,7
2015-10-02,4
2015-10-03,2
2015-10-04,1
2015-10-05,1
2015-10-06,2
2015-10-07,2
2015-10-08,2
2015-10-11,2
2015-10-12,1
2015-10-13,1
2015-10-14,4
2015-10-15,1
2015-10-19,1
2015-10-20,1
2015-10-23,1
2015-10-26,2
2015-10-28,2
2015-10-29,2
2015-11-01,1
2015-11-04,1
2015-11-07,2
2015-11-08,1
2015-11-09,1
2015-11-10,2
2015-11-12,3
2015-11-13,1
2015-11-14,2
2015-11-15,4
2015-11-17,1
2015-11-19,2
2015-11-27,3
2015-11-29,1
2015-11-30,1
2015-12-01,1
2015-12-03,2
2015-12-05,2
2015-12-06,2
2015-12-08,2
2015-12-10,1
2015-12-11,1
2015-12-14,3
2015-12-15,1
2015-12-17,3
2015-12-18,1
2015-12-21,1
2015-12-22,3
2015-12-24,5
2015-12-26,5
2015-12-27,1
2015-12-30,1
2016-01-02,2
2016-01-04,1
2016-01-05,1
2016-01-07,2
2016-01-08,2
2016-01-13,1
2016-01-20,1
2016-01-21,3
2016-01-23,1
2016-01-25,1
2016-01-26,1
2016-01-30,2
2016-01-31,3
2016-02-03,2
2016-02-04,2
2016-02-05,1
2016-02-07,1
2016-02-11,1
2016-02-12,1
2016-02-15,1
2016-02-16,1
2016-02-19,1
2016-02-20,1
2016-02-22,3
2016-02-24,3
2016-02-25,1
2016-02-26,5
2016-02-27,1
2016-02-28,2
2016-02-29,1
2016-03-02,1
2016-03-06,1
2016-03-09,2
2016-03-11,2
2016-03-12,2
2016-03-13,2
2016-03-14,2
2016-03-16,1
2016-03-17,1
2016-03-21,1
2016-03-26,4
2016-03-27,1
2016-03-29,1
2016-03-30,1
2016-03-31,1
2016-04-03,1
2016-04-04,1
2016-04-05,1
2016-04-06,2
2016-04-07,1
2016-04-08,2
2016-04-09,1
2016-04-10,2
2016-04-11,2
2016-04-12,1
2016-04-16,1
2016-04-18,1
2016-04-19,6
2016-04-21,1
2016-04-22,1
2016-04-23,1
2016-04-24,2
2016-04-25,1
2016-04-27,1
2016-04-28,3
2016-04-30,1
2016-05-04,5
2016-05-05,2
2016-05-06,4
2016-05-07,1
2016-05-08,2
2016-05-10,2
2016-05-11,2
2016-05-12,1
2016-05-13,3
2016-05-14,2
2016-05-15,3
2016-05-17,1
2016-05-20,1
2016-05-21,1
2016-05-22,1
2016-05-23,1
2016-05-24,2
2016-05-25,6
2016-05-26,2
2016-05-28,1
2016-05-31,2
2016-06-01,1
2016-06-02,1
2016-06-03,3
2016-06-04,1
2016-06-05,2
2016-06-06,1
2016-06-07,1
2016-06-08,1
2016-06-09,1
2016-06-11,1
2016-06-12,1
2016-06-14,1
2016-06-16,3
2016-06-21,2
2016-06-22,1
2016-06-23,1
2016-06-25,2
2016-06-27,1
2016-06-28,6
2016-07-01,1
2016-07-03,3
2016-07-04,2
2016-07-05,1
2016-07-06,1
2016-07-08,2
2016-07-09,1
2016-07-10,2
2016-07-12,1
2016-07-13,5
2016-07-15,1
2016-07-16,1
2016-07-20,2
2016-07-24,1
2016-07-26,3
2016-07-27,2
2016-07-28,1
2016-07-29,4
2016-07-30,1
2016-08-01,1
2016-08-03,1
2016-08-05,2
2016-08-07,1
2016-08-08,1
2016-08-09,3
2016-08-10,1
2016-08-12,2
2016-08-14,1
2016-08-15,1
2016-08-16,2
2016-08-19,1
2016-08-20,1
2016-08-22,2
2016-08-23,1
2016-08-25,1
2016-08-27,3
2016-08-31,5
2016-09-01,2
2016-09-05,2
2016-09-07,4
2016-09-09,1
2016-09-12,3
2016-09-13,2
2016-09-15,1
2016-09-16,1
2016-09-17,3
2016-09-19,1
2016-09-20,2
2016-09-21,1
2016-09-22,2
2016-09-24,1
2016-09-26,1
2016-09-27,1
2016-09-28,1
2016-10-01,2
2016-10-02,2
2016-10-03,1
2016-10-04,1
2016-10-06,1
2016-10-08,2
2016-10-12,2
2016-10-13,1
2016-10-14,1
2016-10-15,1
2016-10-16,1
2016-10-17,1
2016-10-19,1
2016-10-20,1
2016-10-24,1
2016-11-09,1
2016-11-10,1
2016-11-11,2
2016-11-12,2
2016-11-16,1
2016-11-17,1
2016-11-18,1
2016-11-20,3
2016-11-22,1
2016-11-23,1
2016-11-24,1
2016-11-25,5
2016-11-26,4
2016-11-27,1
2016-12-01,3
2016-12-03,3
2016-12-04,2
2016-12-06,1
2016-12-07,1
2016-12-08,1
2016-12-09,2
2016-12-10,2
2016-12-12,1
2016-12-16,3
2016-12-17,1
2016-12-21,1
2016-12-28,1
2016-12-29,5
2017-01-01,1
2017-01-02,2
2017-01-05,1
2017-01-06,1
2017-01-07,2
2017-01-10,1
2017-01-11,2
2017-01-13,1
2017-01-14,1
2017-01-15,1
2017-01-16,1
2017-01-20,1
2017-01-21,1
2017-01-22,1
2017-01-23,1
2017-01-24,2
2017-01-25,1
2017-01-26,2
2017-01-27,1
2017-01-31,2
2017-02-01,3
2017-02-06,1
2017-02-07,2
2017-02-08,2
2017-02-11,1
2017-02-15,1
2017-02-20,1
2017-02-22,1
2017-03-02,1
2017-03-03,3
2017-03-08,1
2017-03-13,1
2017-03-21,1
2017-03-26,2
2017-03-28,1
2017-03-29,3
2017-03-30,1
2017-04-01,1
2017-04-03,1
2017-04-06,2
2017-04-10,2
2017-04-11,1
2017-04-14,1
2017-04-16,1
2017-04-21,5
2017-04-22,1
2017-04-23,1
2017-04-24,1
2017-04-27,1
2017-04-28,2
2017-04-29,1
2017-04-30,3
2017-05-01,1
2017-05-07,1
2017-05-09,2
2017-05-13,3
2017-05-14,1
2017-05-15,1
2017-05-16,2
2017-05-17,2
2017-05-18,2
2017-05-19,2
2017-05-20,2
2017-05-22,4
2017-05-23,1
2017-05-24,4
2017-05-25,1
2017-05-26,2
2017-05-27,4
2017-05-28,2
2017-05-30,3
2017-05-31,2
2017-06-01,2
2017-06-03,1
2017-06-04,1
2017-06-05,2
2017-06-06,2
2017-06-07,2
2017-06-08,3
2017-06-10,3
2017-06-11,1
2017-06-13,2
2017-06-14,2
2017-06-15,2
2017-06-16,2
2017-06-18,2
2017-06-19,1
2017-06-20,3
2017-06-21,5
2017-06-22,2
2017-06-23,1
2017-06-24,1
2017-06-25,2
2017-06-26,1
2017-06-27,2
2017-06-29,3
2017-06-30,2
2017-07-03,1
2017-07-06,1
2017-07-08,1
2017-07-10,1
2017-07-15,1
2017-07-24,1
2017-07-25,1
2017-07-26,1
2017-07-29,1
2017-08-02,2
2017-08-04,5
2017-08-08,1
2017-08-15,2
2017-08-17,1
2017-08-19,1
2017-08-22,1
2017-08-23,1
2017-08-28,1
2017-08-29,1
2017-08-31,3
2017-09-01,2
2017-09-07,1
2017-09-08,2
2017-09-12,1
2017-09-16,1
2017-09-19,1
2017-09-20,1
2017-09-21,1
2017-09-26,2
2017-09-27,1
2017-09-29,1
2017-10-01,1
2017-10-03,1
2017-10-05,3
2017-10-06,1
2017-10-07,1
2017-10-12,1
2017-10-15,1
2017-10-17,1
2017-10-20,1
2017-10-23,1
2017-10-25,1
2017-10-28,1
2017-10-29,1
2017-10-31,2
2017-11-01,2
2017-11-02,1
2017-11-07,1
2017-11-08,1
2017-11-10,2
2017-11-20,2
2017-11-21,2
2017-11-22,1
2017-11-29,1
2017-12-10,2
2017-12-11,1
2017-12-12,1
2017-12-15,1
2017-12-17,1
2017-12-25,1
2017-12-26,1
2017-12-27,3
2017-12-29,2
2017-12-30,5
2017-12-31,3
2018-01-03,2
2018-01-04,4
2018-01-06,1
2018-01-10,2
2018-01-14,1
2018-01-15,1
2018-01-16,1
2018-01-18,1
2018-01-20,2
2018-01-21,1
2018-01-22,1
2018-01-26,1
2018-01-28,1
2018-01-31,1
2018-02-03,1
2018-02-05,1
2018-02-06,1
2018-02-11,1
2018-02-13,3
2018-02-14,2
2018-02-15,2
2018-02-24,2
2018-02-25,1
2018-02-28,1
2018-03-04,1
2018-03-06,2
2018-03-07,2
2018-03-08,1
2018-03-09,2
2018-03-10,1
2018-03-11,1
2018-03-12,1
2018-03-16,1
2018-03-19,1
2018-03-20,1
2018-03-21,1
2018-03-22,1
2018-03-23,1
2018-03-28,2
2018-03-31,2
2018-04-02,3
2018-04-03,1
2018-04-05,2
2018-04-06,1
2018-04-09,1
2018-04-10,1
2018-04-11,1
2018-04-15,2
2018-04-17,1
2018-04-19,1
2018-04-20,1
2018-04-21,1
2018-04-23,1
2018-04-30,1
2018-05-01,1
2018-05-12,1
2018-05-13,1
2018-05-14,1
2018-05-18,1
2018-05-21,1
2018-05-22,1
2018-05-26,1
2018-06-08,2
2018-06-11,1
2018-06-14,1
2018-06-18,1
2018-06-22,1
2018-06-23,1
2018-06-24,1
2018-06-25,1
2018-06-26,1
2018-06-29,1
2018-07-01,1
2018-07-02,2
2018-07-06,1
2018-07-07,2
2018-07-09,1
2018-07-11,2
2018-07-14,1
2018-07-20,6
2018-07-30,3
2018-08-02,2
2018-08-06,2
2018-08-09,2
2018-08-10,1
2018-08-11,2
2018-08-12,3
2018-08-14,1
2018-08-15,3
2018-08-16,2
2018-08-18,1
2018-08-19,1
2018-08-20,2
2018-08-21,3
2018-08-22,3
2018-08-24,4
2018-08-26,1
2018-08-27,1
2018-08-28,1
2018-08-29,2
2018-09-03,1
2018-09-05,1
2018-09-10,1
2018-09-13,2
2018-09-14,2
2018-09-17,2
2018-09-18,1
2018-09-20,1
2018-09-22,2
2018-09-23,2
2018-09-27,1
2018-09-28,1
2018-10-01,1
2018-10-02,2
2018-10-04,1
2018-10-05,1
2018-10-06,2
2018-10-07,3
2018-10-08,1
2018-10-11,2
2018-10-13,1
2018-10-19,2
2018-10-20,1
2018-10-23,2
2018-10-24,1
2018-10-26,1
2018-11-04,3
2018-11-20,1
2018-11-22,2
2018-12-03,1
2018-12-05,2
2018-12-08,1
2018-12-10,1
2018-12-11,1
2018-12-15,4
2018-12-16,1
2018-12-19,2
2018-12-25,1
2018-12-29,1
2019-01-01,1
2019-01-02,1
2019-01-06,1
2019-01-08,1
2019-01-10,2
2019-01-11,2
2019-01-12,1
2019-01-13,1
2019-01-15,1
2019-01-22,1
2019-01-24,1
2019-01-25,3
2019-01-26,1
2019-01-28,1
2019-01-29,2
2019-01-30,1
2019-01-31,1
2019-02-02,1
2019-02-05,2
2019-02-09,2
2019-02-10,2
2019-02-11,2
2019-02-12,1
2019-02-13,1
2019-02-14,1
2019-02-15,2
2019-02-17,1
2019-02-21,1
2019-02-23,1
2019-02-25,1
2019-02-26,1
2019-03-01,2
2019-03-03,3
2019-03-04,3
2019-03-05,2
2019-03-07,2
2019-03-08,1
2019-03-11,6
2019-03-12,1
2019-03-14,1
2019-03-16,2
2019-03-19,1
2019-03-22,1
2019-03-23,1
2019-03-24,3
2019-03-26,2
2019-03-30,1
2019-04-01,1
2019-04-03,1
2019-04-04,1
2019-04-07,1
2019-04-09,1
2019-04-11,3
2019-04-13,1
2019-04-14,1
2019-04-16,1
2019-04-17,1
2019-04-23,1
2019-04-25,2
2019-04-27,1
2019-04-28,1
2019-05-07,1
2019-05-10,1
2019-05-13,1
2019-05-14,2
2019-05-17,1
2019-05-19,1
2019-05-20,1
2019-05-21,1
2019-05-27,1
2019-05-28,1
2019-06-01,1
2019-06-07,1
2019-06-11,1
2019-06-12,2
2019-06-13,1
2019-06-15,1
2019-06-17,2
2019-06-20,2
2019-06-22,2
2019-06-23,2
2019-06-28,1
2019-07-02,1
2019-07-03,1
2019-07-07,1
2019-07-08,3
2019-07-09,2
2019-07-10,1
2019-07-12,2
2019-07-14,2
2019-07-15,1
2019-07-17,1
2019-07-18,5
2019-07-19,2
2019-07-23,2
2019-07-24,3
2019-08-01,1
2019-08-02,1
2019-08-03,1
2019-08-04,1
2019-08-05,1
2019-08-06,1
2019-08-07,2
2019-08-08,1
2019-08-15,1
2019-08-18,1
2019-08-20,1
2019-08-21,1
2019-08-23,1
2019-08-26,3
2019-08-28,1
2019-09-02,1
2019-09-10,3
2019-09-15,1
2019-09-16,2
2019-09-18,3
2019-09-19,1
2019-09-24,1
2019-09-27,4
2019-09-28,1
2019-09-29,1
2019-09-30,3
2019-10-01,1
2019-10-02,1
2019-10-03,3
2019-10-04,3
2019-10-06,1
2019-10-07,3
2019-10-08,3
2019-10-09,2
2019-10-10,1
2019-10-15,1
2019-10-16,2
2019-10-17,1
2019-10-18,2
2019-10-21,2
2019-10-22,4
2019-10-23,2
2019-10-24,4
2019-10-25,2
2019-10-26,1
2019-10-27,1
2019-10-28,10
2019-10-29,3
2019-10-30,4
2019-10-31,1
2019-11-01,3
2019-11-02,6
2019-11-04,3
2019-11-06,1
2019-11-07,1
2019-11-08,1
2019-11-09,1
2019-11-10,8
2019-11-11,2
2019-11-12,2
2019-11-13,1
2019-11-14,3
2019-11-15,2
2019-11-16,2
2019-11-17,3
2019-11-18,1
2019-11-19,4
2019-11-20,1
2019-11-23,3
2019-11-24,1
2019-11-25,1
2019-11-26,2
2019-11-29,1
2019-12-02,4
2019-12-04,1
2019-12-08,1
2019-12-09,1
2019-12-10,2
2019-12-11,1
2019-12-13,3
2019-12-15,3
2019-12-16,3
2019-12-18,1
2019-12-19,1
2019-12-23,1
2019-12-25,1
2020-01-04,3
2020-01-05,2
2020-01-06,1
2020-01-09,1
2020-01-21,1
2020-01-23,1
2020-01-27,2
2020-02-03,1
2020-02-04,1
2020-02-06,3
2020-02-11,2
2020-02-13,1
2020-02-14,2
2020-02-15,1
2020-02-19,1
2020-02-20,1
2020-02-23,2
2020-02-24,2
2020-02-27,5
2020-02-29,4
2020-03-01,3
2020-03-05,1
2020-03-06,4
2020-03-07,4
2020-03-10,1
2020-03-11,2
2020-03-12,1
2020-03-26,1
2020-03-29,1
2020-03-31,2
2020-04-02,5
2020-04-03,2
2020-04-04,3
2020-04-06,1
2020-04-07,2
2020-04-09,5
2020-04-10,2
2020-04-13,1
2020-04-14,2
2020-04-16,1
2020-04-17,3
2020-04-18,3
2020-04-22,1
2020-04-23,1
2020-04-25,1
2020-04-26,2
2020-04-28,2
2020-04-29,2
2020-04-30,1
2020-05-02,1
2020-05-08,2
2020-05-09,1
2020-05-16,2
2020-05-17,2
2020-05-18,1
2020-05-19,1
2020-05-21,1
2020-05-22,1
2020-05-23,2
2020-05-29,1
2020-06-02,1
2020-06-09,1
2020-06-10,2
2020-06-11,3
2020-06-14,1
2020-06-21,1
2020-06-27,2
2020-06-29,1
2020-06-30,1
2020-07-02,1
2020-07-05,1
2020-07-07,2
2020-07-08,3
2020-07-09,2
2020-07-15,1
2020-07-19,1
2020-07-29,1
2020-08-05,1
2020-08-08,2
2020-08-09,1
2020-08-10,1
2020-08-15,1
2020-08-20,1
2020-08-21,1
2020-08-25,2
2020-08-27,1
2020-09-04,1
2020-09-06,2
2020-09-08,1
2020-09-11,1
2020-09-13,2
2020-09-14,2
2020-09-17,1
2020-09-20,1
2020-09-27,1
2020-10-02,1
2020-10-03,1
2020-10-05,2
2020-10-06,1
2020-10-08,3
2020-10-09,1
2020-10-10,1
2020-10-13,1
2020-10-15,1
2020-10-23,3
2020-10-25,3
2020-10-27,3
2020-10-31,1
2020-11-03,2
2020-11-04,1
2020-11-06,1
2020-11-07,2
2020-11-08,1
2020-11-11,1
2020-11-14,1
2020-11-15,2
2020-11-17,2
2020-11-18,4
2020-11-19,8
2020-11-21,2
2020-11-22,1
2020-11-23,1
2020-11-24,2
2020-11-25,2
2020-11-26,3
2020-11-27,2
2020-11-28,4
2020-11-29,3
2020-12-01,2
2020-12-04,2
2020-12-05,2
2020-12-06,1
2020-12-09,1
2020-12-10,2
2020-12-12,2
2020-12-13,1
2020-12-15,1
2020-12-16,1
2020-12-19,3
2020-12-21,1
2020-12-22,2
2020-12-23,2
2020-12-27,1
2020-12-28,2
2020-12-29,1
2020-12-30,1
2020-12-31,2
2021-01-02,3
2021-01-03,4
2021-01-04,1
2021-01-05,1
2021-01-06,1
2021-01-07,1
2021-01-10,1
2021-01-11,3
2021-01-12,1
2021-01-14,1
2021-01-15,2
2021-01-16,3
2021-01-17,2
2021-01-18,4
2021-01-19,1
2021-01-21,4
2021-01-23,1
2021-01-24,1
2021-01-25,1
2021-01-29,1
2021-01-31,1
2021-02-01,4
2021-02-02,1
2021-02-03,2
2021-02-04,2
2021-02-05,1
2021-02-07,2
2021-02-08,1
2021-02-10,2
2021-02-11,1
2021-02-12,3
2021-02-13,3
2021-02-14,1
2021-02-15,2
2021-02-16,2
2021-02-17,2
2021-02-18,1
2021-02-22,2
2021-02-26,2
2021-02-27,1
2021-03-01,3
2021-03-02,3
2021-03-04,1
2021-03-05,1
2021-03-07,2
2021-03-08,2
2021-03-10,1
2021-03-13,4
2021-03-17,1
2021-03-18,2
2021-03-19,1
2021-03-22,2
2021-03-26,3
2021-03-31,1
2021-04-03,1
2021-04-04,1
2021-04-05,1
2021-04-07,2
2021-04-09,1
2021-04-11,2
2021-04-12,3
2021-04-14,1
2021-04-15,1
2021-04-16,3
2021-04-20,1
2021-04-23,2
2021-04-24,1
2021-04-25,2
2021-04-30,8
2021-05-01,3
2021-05-02,1
2021-05-03,2
2021-05-04,4
2021-05-05,1
2021-05-06,1
2021-05-07,2
2021-05-09,1
2021-05-12,1
2021-05-13,3
2021-05-15,1
2021-05-16,2
2021-05-18,1
2021-05-19,1
2021-05-22,1
2021-05-23,3
2021-05-24,1
2021-06-01,4
2021-06-02,1
2021-06-05,1
2021-06-06,1
2021-06-07,2
2021-06-09,1
2021-06-10,3
2021-06-11,1
2021-06-12,1
2021-06-13,2
2021-06-15,1
2021-06-16,2
2021-06-18,6
2021-06-20,1
2021-06-24,2
2021-07-08,2
2021-07-10,2
2021-07-14,1
2021-07-17,2
2021-07-18,4
2021-07-23,1
2021-07-25,1
2021-07-28,1
2021-07-29,1
2021-07-30,1
2021-07-31,1
2021-08-07,1
2021-08-09,2
2021-08-10,1
2021-08-12,2
2021-08-13,1
2021-08-14,2
2021-08-18,1
2021-08-19,4
2021-08-20,1
2021-08-21,2
2021-08-26,1
2021-08-28,4
2021-09-01,1
2021-09-02,2
2021-09-03,2
2021-09-06,3
2021-09-10,3
2021-09-15,2
2021-09-16,1
2021-09-17,2
2021-09-20,1
2021-09-22,1
2021-09-23,1
2021-09-30,1
2021-10-01,1
2021-10-02,1
2021-10-10,1
2021-10-16,1
2021-10-19,1
2021-10-20,1
2021-10-23,1
2021-10-24,1
2021-10-28,1
2021-10-30,1
2021-10-31,2
2021-11-05,1
2021-11-10,1
2021-11-15,1
2021-11-18,1
2021-11-20,2
2021-11-26,1
2021-11-27,3
2021-11-28,2
2021-11-29,2
2021-12-01,4
2021-12-02,4
2021-12-05,1
2021-12-06,1
2021-12-13,2
2021-12-17,4
2021-12-19,1
2021-12-21,1
2021-12-22,2
2021-12-23,2
2021-12-24,1
2021-12-25,1
2021-12-27,4
2021-12-28,1
2021-12-30,2
2021-12-31,2
2022-01-01,1
2022-01-02,2
2022-01-03,2
2022-01-04,1
2022-01-05,3
2022-01-06,3
2022-01-07,5
2022-01-09,1
2022-01-13,1
2022-01-16,2
2022-01-17,3
2022-01-19,1
2022-01-22,1
2022-01-27,1
2022-01-28,1
2022-01-29,1
2022-01-31,1
2022-02-02,2
2022-02-03,1
2022-02-05,2
2022-02-14,1
2022-02-28,1
2022-03-01,2
2022-03-10,1
2022-03-13,1
2022-03-14,1
2022-03-17,1
2022-03-21,1
2022-03-25,3
2022-03-26,3
2022-03-30,1
2022-03-31,2
2022-04-02,1
2022-04-05,1
2022-04-07,4
2022-04-08,1
2022-04-09,1
2022-04-10,3
2022-04-11,3
2022-04-12,4
2022-04-14,2
2022-04-15,3
2022-04-17,1
2022-04-18,3
2022-04-19,1
2022-04-23,2
2022-04-25,1
2022-04-29,1
2022-05-01,2
2022-05-02,1
2022-05-04,1
2022-05-08,1
2022-05-10,1
2022-05-12,1
2022-05-13,2
2022-05-16,1
2022-05-17,2
2022-05-18,2
2022-05-19,2
2022-05-20,1
2022-05-25,1
2022-05-26,3
2022-05-27,2
2022-05-28,1
2022-06-01,2
2022-06-02,1
2022-06-05,1
2022-06-15,1
2022-06-17,1
2022-06-18,1
2022-06-19,1
2022-06-20,1
2022-06-25,1
2022-06-27,1
2022-06-28,2
2022-06-30,1
2022-07-03,2
2022-07-05,2
2022-07-06,1
2022-07-08,2
2022-07-09,2
2022-07-10,1
2022-07-12,1
2022-07-13,2
2022-07-14,2
2022-07-16,4
2022-07-17,2
2022-07-22,2
2022-07-24,1
2022-07-27,1
2022-07-29,1
2022-08-10,2
2022-08-13,3
2022-08-14,1
2022-08-16,1
2022-08-18,2
2022-08-19,1
2022-08-21,1
2022-08-25,1
2022-08-26,1
2022-08-28,2
2022-09-01,1
2022-09-03,1
2022-09-04,1
2022-09-07,1
2022-09-10,1
2022-09-12,1
2022-09-15,1
2022-09-16,1
2022-09-20,1
2022-09-22,1
2022-09-24,1
2022-09-25,2
2022-09-27,2
2022-09-28,1
2022-09-29,1
2022-10-03,1
2022-10-09,3
2022-10-10,1
2022-10-11,3
2022-10-14,1
2022-10-15,2
2022-10-16,2
2022-10-17,1
2022-10-19,1
2022-10-20,1
2022-10-30,1
2022-10-31,1
2022-11-02,1
2022-11-09,3
2022-11-13,1
2022-11-14,3
2022-11-15,3
2022-11-18,1
2022-11-19,1
2022-11-20,2
2022-11-22,1
2022-11-25,1
2022-11-27,1
2022-11-28,2
2022-11-30,2
2022-12-01,3
2022-12-02,5
2022-12-03,1
2022-12-04,3
2022-12-05,2
2022-12-06,2
2022-12-07,1
2022-12-08,4
2022-12-10,1
2022-12-12,1
2022-12-13,1
2022-12-17,2
2022-12-18,2
2022-12-23,2
2022-12-25,3
2022-12-27,2
2022-12-29,1
2023-01-01,2
2023-01-02,1
2023-01-04,3
2023-01-07,1
2023-01-09,3
2023-01-10,1
2023-01-14,1
2023-01-16,1
2023-01-20,1
2023-02-06,2
2023-02-07,1
2023-02-12,1
2023-02-14,2
2023-02-27,1
2023-03-01,1
2023-03-02,1
2023-03-03,1
2023-03-04,3
2023-03-09,2
2023-03-14,2
2023-03-20,2
2023-03-22,2
2023-03-24,2
2023-03-25,1
2023-03-26,2
2023-03-27,1
2023-03-28,1
2023-03-29,2
2023-04-01,2
2023-04-02,3
2023-04-04,1
2023-04-07,1
2023-04-08,1
2023-04-12,1
2023-04-16,1
2023-04-25,1
2023-04-29,2
2023-04-30,1
2023-05-01,3
2023-05-03,2
2023-05-04,1
2023-05-08,2
2023-05-10,1
2023-05-12,5
2023-05-13,2
2023-05-14,1
2023-05-15,2
2023-05-18,1
2023-05-21,1
2023-05-24,2
2023-05-27,1
2023-05-29,2
2023-05-30,1
2023-05-31,5
2023-06-07,1
2023-06-22,1
2023-06-24,2
2023-06-25,1
2023-06-26,2
2023-06-27,1
2023-07-03,2
2023-07-04,3
2023-07-05,5
2023-07-06,1
2023-07-07,2
2023-07-14,2
2023-07-16,2
2023-07-19,1
2023-07-21,1
2023-07-22,1
2023-07-24,1
2023-07-25,2
2023-07-27,1
2023-07-29,2
2023-07-31,2
2023-08-02,1
2023-08-05,1
2023-08-09,1
2023-08-12,1
2023-08-13,2
2023-08-16,3
2023-08-17,3
2023-08-19,1
2023-08-21,1
2023-09-06,1
2023-09-09,1
2023-09-10,1
2023-09-11,1
2023-09-12,1
2023-09-13,1
2023-09-15,6
2023-09-17,1
2023-09-18,1
2023-09-20,1
2023-10-14,1
2023-10-15,1
2023-10-20,3
2023-10-21,5
2023-10-26,1
2023-10-31,1
2023-11-03,2
2023-11-04,1
2023-11-16,3
2023-11-20,1
2023-11-21,1
2023-11-22,6
2023-11-24,1
2023-11-25,1
2023-11-26,1
2023-12-01,1
2023-12-09,2
2023-12-10,2
2023-12-11,3
2023-12-12,2
2023-12-13,3
2023-12-15,1
2023-12-16,2
2023-12-18,1
2023-12-22,4
2023-12-23,1
2023-12-28,8
2024-01-05,1
2024-01-07,1
2024-01-08,3
2024-01-10,1
2024-01-12,1
2024-01-14,1
2024-01-16,1
2024-01-17,2
2024-01-22,2
2024-01-28,1
2024-01-29,1
2024-01-30,1
2024-02-03,1
2024-02-04,1
2024-02-09,2
2024-02-10,1
2024-02-13,1
2024-02-14,1
2024-02-17,1
2024-02-20,1
2024-02-24,2
