user,url,issue_url,state,created_at,updated_at,merged_at,merge_commit_sha
devoncarew,https://api.github.com/repos/dart-lang/markdown/pulls/593,https://api.github.com/repos/dart-lang/markdown/issues/593,closed,2024-03-06,2024-03-07,2024-03-07,1ca51664e7b1b7fe789f6be2668c909ce3aea342
kevmoo,https://api.github.com/repos/dart-lang/markdown/pulls/591,https://api.github.com/repos/dart-lang/markdown/issues/591,closed,2024-02-28,2024-02-28,2024-02-28,dd47c5dea1015aff2037b613fb4964450beaf81c
jonasfj,https://api.github.com/repos/dart-lang/markdown/pulls/590,https://api.github.com/repos/dart-lang/markdown/issues/590,open,2024-02-23,2024-03-06,,074598916be69c252c61d8532ca5a29702fbccda
tomyeh,https://api.github.com/repos/dart-lang/markdown/pulls/589,https://api.github.com/repos/dart-lang/markdown/issues/589,closed,2024-02-23,2024-02-26,2024-02-26,62e3349dc8aa1815c9d2e8a0fa4ebe937b4fa935
tomyeh,https://api.github.com/repos/dart-lang/markdown/pulls/588,https://api.github.com/repos/dart-lang/markdown/issues/588,closed,2024-02-23,2024-02-23,,
tomyeh,https://api.github.com/repos/dart-lang/markdown/pulls/587,https://api.github.com/repos/dart-lang/markdown/issues/587,closed,2024-02-23,2024-02-23,,8d6cf627f8bfcd87e7f842f68829fcb093edd6a9
jonasfj,https://api.github.com/repos/dart-lang/markdown/pulls/585,https://api.github.com/repos/dart-lang/markdown/issues/585,open,2024-02-22,2024-03-07,,dde70891977180f4a770a57edf6d13a5847c5641
tomyeh,https://api.github.com/repos/dart-lang/markdown/pulls/583,https://api.github.com/repos/dart-lang/markdown/issues/583,closed,2024-02-20,2024-02-20,2024-02-20,d735b0b0aa793f4f6e22f8e0e835a5dffe00b6b9
kevmoo,https://api.github.com/repos/dart-lang/markdown/pulls/582,https://api.github.com/repos/dart-lang/markdown/issues/582,closed,2024-02-14,2024-02-14,2024-02-14,6efe1416f1a448905c79f8b589a41aa71633fd39
tomyeh,https://api.github.com/repos/dart-lang/markdown/pulls/581,https://api.github.com/repos/dart-lang/markdown/issues/581,closed,2024-02-06,2024-02-20,,59ea766682a831ab80d7cd080a8360c010df313d
dependabot[bot],https://api.github.com/repos/dart-lang/markdown/pulls/580,https://api.github.com/repos/dart-lang/markdown/issues/580,closed,2024-02-01,2024-02-01,2024-02-01,c2b842937787bc0dce1763d56e7551b9045deb42
devoncarew,https://api.github.com/repos/dart-lang/markdown/pulls/576,https://api.github.com/repos/dart-lang/markdown/issues/576,closed,2024-01-19,2024-01-20,2024-01-19,a8288ca3a3023228f1a8a832b78d00e11f0c4b30
srawlins,https://api.github.com/repos/dart-lang/markdown/pulls/574,https://api.github.com/repos/dart-lang/markdown/issues/574,closed,2024-01-17,2024-01-17,2024-01-17,7602f9f17d25702c11991380ebc7853ccdc42f7a
kevmoo,https://api.github.com/repos/dart-lang/markdown/pulls/573,https://api.github.com/repos/dart-lang/markdown/issues/573,closed,2024-01-15,2024-01-15,2024-01-15,792cca492dd91f6da0f5b2dec5d8bc7b2c4c4ea7
dependabot[bot],https://api.github.com/repos/dart-lang/markdown/pulls/571,https://api.github.com/repos/dart-lang/markdown/issues/571,closed,2024-01-01,2024-01-01,2024-01-01,7fdfa557dc29e00c94bb637a34869e67d57fdb26
AlexV525,https://api.github.com/repos/dart-lang/markdown/pulls/570,https://api.github.com/repos/dart-lang/markdown/issues/570,closed,2023-12-11,2024-01-16,2023-12-19,5fab3a7bc880ddf979ccabfbcbad3fea091d7d0b
dependabot[bot],https://api.github.com/repos/dart-lang/markdown/pulls/569,https://api.github.com/repos/dart-lang/markdown/issues/569,closed,2023-12-01,2023-12-01,2023-12-01,d2e790305d136b4eb39d329c884bb49d5a5f1411
kevmoo,https://api.github.com/repos/dart-lang/markdown/pulls/568,https://api.github.com/repos/dart-lang/markdown/issues/568,closed,2023-12-01,2023-12-01,2023-12-01,42d32cb9db6c2eef9500f7be41483038a80c5233
kevmoo,https://api.github.com/repos/dart-lang/markdown/pulls/565,https://api.github.com/repos/dart-lang/markdown/issues/565,closed,2023-11-07,2023-11-07,2023-11-07,3774ad02e812ceeb32ad0d98a987b0acffa63cf6
dependabot[bot],https://api.github.com/repos/dart-lang/markdown/pulls/561,https://api.github.com/repos/dart-lang/markdown/issues/561,closed,2023-11-01,2023-11-01,2023-11-01,efb73b3db22f47925d942d3ad1a0cdcd6dece944
dependabot[bot],https://api.github.com/repos/dart-lang/markdown/pulls/560,https://api.github.com/repos/dart-lang/markdown/issues/560,closed,2023-11-01,2023-11-01,2023-11-01,22e378ba748bc4245518ed18ac2a862db320489b
dependabot[bot],https://api.github.com/repos/dart-lang/markdown/pulls/559,https://api.github.com/repos/dart-lang/markdown/issues/559,closed,2023-11-01,2023-11-01,2023-11-01,2e4a3bce823539fcb4b69a697972e352aefc33e0
dependabot[bot],https://api.github.com/repos/dart-lang/markdown/pulls/557,https://api.github.com/repos/dart-lang/markdown/issues/557,closed,2023-10-01,2023-10-03,2023-10-03,4e2e9701d87058311857d06fd7f5df54e8f86c53
dependabot[bot],https://api.github.com/repos/dart-lang/markdown/pulls/556,https://api.github.com/repos/dart-lang/markdown/issues/556,closed,2023-10-01,2023-10-01,2023-10-01,ae766d52d22b54c05240989871b14ede1848b345
Mosc,https://api.github.com/repos/dart-lang/markdown/pulls/555,https://api.github.com/repos/dart-lang/markdown/issues/555,closed,2023-09-15,2023-11-07,2023-11-07,da1184770133a02200938f7230411452278966b7
dependabot[bot],https://api.github.com/repos/dart-lang/markdown/pulls/554,https://api.github.com/repos/dart-lang/markdown/issues/554,closed,2023-09-01,2023-09-01,2023-09-01,6cfd6f17651a8ba31b5a268f1139bb2c039dd4d4
parlough,https://api.github.com/repos/dart-lang/markdown/pulls/553,https://api.github.com/repos/dart-lang/markdown/issues/553,closed,2023-08-26,2023-08-26,2023-08-26,56e75df897ac01a886358e79124844977aa8157c
parlough,https://api.github.com/repos/dart-lang/markdown/pulls/552,https://api.github.com/repos/dart-lang/markdown/issues/552,closed,2023-08-26,2023-08-30,2023-08-30,52be591e6d82e207c7284b004751f2adbcbedddc
kevmoo,https://api.github.com/repos/dart-lang/markdown/pulls/551,https://api.github.com/repos/dart-lang/markdown/issues/551,closed,2023-07-17,2023-07-17,2023-07-17,faabb1ab9adc076a2df2349a0c8b939c92f70ca7
srawlins,https://api.github.com/repos/dart-lang/markdown/pulls/550,https://api.github.com/repos/dart-lang/markdown/issues/550,closed,2023-07-12,2023-07-13,2023-07-13,ee4e1b36f21a6815385b157f8fff12af28bdcf9a
dependabot[bot],https://api.github.com/repos/dart-lang/markdown/pulls/549,https://api.github.com/repos/dart-lang/markdown/issues/549,closed,2023-07-01,2023-07-01,2023-07-01,b4bdde2eb7de89d94e69f3bad37faba5ba95aaad
chenzhiguang,https://api.github.com/repos/dart-lang/markdown/pulls/548,https://api.github.com/repos/dart-lang/markdown/issues/548,closed,2023-06-27,2023-06-27,2023-06-27,4674d095786a40643d3506d6483eb11d26c2eb6e
chenzhiguang,https://api.github.com/repos/dart-lang/markdown/pulls/545,https://api.github.com/repos/dart-lang/markdown/issues/545,closed,2023-05-20,2023-05-22,2023-05-22,bd6ae8d741327e24319f3e036d57107f91229843
devoncarew,https://api.github.com/repos/dart-lang/markdown/pulls/544,https://api.github.com/repos/dart-lang/markdown/issues/544,closed,2023-05-20,2023-05-22,2023-05-22,0bc9d0e913856fd9fde88e4051acf4dc3b7ade3f
devoncarew,https://api.github.com/repos/dart-lang/markdown/pulls/542,https://api.github.com/repos/dart-lang/markdown/issues/542,closed,2023-05-18,2023-05-18,2023-05-18,b951454b113c311dfd83fa47cddd01c45bc997df
kevmoo,https://api.github.com/repos/dart-lang/markdown/pulls/541,https://api.github.com/repos/dart-lang/markdown/issues/541,closed,2023-05-04,2023-07-17,,9af6827550ad16315d1717fb874fe227e01adcbb
chenzhiguang,https://api.github.com/repos/dart-lang/markdown/pulls/540,https://api.github.com/repos/dart-lang/markdown/issues/540,closed,2023-05-04,2023-05-20,2023-05-17,a714d955d0215e3803ea1efc209c52662192024d
jonasfj,https://api.github.com/repos/dart-lang/markdown/pulls/538,https://api.github.com/repos/dart-lang/markdown/issues/538,closed,2023-05-02,2023-05-02,2023-05-02,6db8fc1819f741685e0968fb2d9b66852260e98f
dependabot[bot],https://api.github.com/repos/dart-lang/markdown/pulls/536,https://api.github.com/repos/dart-lang/markdown/issues/536,closed,2023-05-01,2023-05-01,2023-05-01,82b050d0085a62b3b267097f5461c514e06ed139
jonasfj,https://api.github.com/repos/dart-lang/markdown/pulls/533,https://api.github.com/repos/dart-lang/markdown/issues/533,closed,2023-04-20,2023-04-21,2023-04-20,5f98aea7e51cb1508d335e23edb2141d5102ce29
chenzhiguang,https://api.github.com/repos/dart-lang/markdown/pulls/532,https://api.github.com/repos/dart-lang/markdown/issues/532,closed,2023-04-19,2023-04-19,2023-04-19,86ebc2c9b33ca18e86fa69c4154505ab576c6a38
dependabot[bot],https://api.github.com/repos/dart-lang/markdown/pulls/529,https://api.github.com/repos/dart-lang/markdown/issues/529,closed,2023-04-01,2023-04-03,2023-04-03,d437c85188806fe2bfa4f3616159300ba9dc6d2a
dependabot[bot],https://api.github.com/repos/dart-lang/markdown/pulls/528,https://api.github.com/repos/dart-lang/markdown/issues/528,closed,2023-04-01,2023-04-02,2023-04-02,3550fe64fb40e06558726b41ce0f2e61f5abcaf5
dependabot[bot],https://api.github.com/repos/dart-lang/markdown/pulls/527,https://api.github.com/repos/dart-lang/markdown/issues/527,closed,2023-04-01,2023-04-02,2023-04-02,d1b790721641319294689748935661d1bef4951a
jonasfj,https://api.github.com/repos/dart-lang/markdown/pulls/526,https://api.github.com/repos/dart-lang/markdown/issues/526,closed,2023-03-29,2023-03-30,2023-03-30,b96bc08af9e0463236cbcf2acf0de9377ca7a61e
kevmoo,https://api.github.com/repos/dart-lang/markdown/pulls/524,https://api.github.com/repos/dart-lang/markdown/issues/524,closed,2023-02-22,2023-02-22,2023-02-22,ecbffa9bf9109d490b9388e9cb1f2bb801aee63c
kevmoo,https://api.github.com/repos/dart-lang/markdown/pulls/523,https://api.github.com/repos/dart-lang/markdown/issues/523,closed,2023-02-22,2023-03-29,,3034aeabd8402115eaf52cb8858fe2880811b218
chenzhiguang,https://api.github.com/repos/dart-lang/markdown/pulls/522,https://api.github.com/repos/dart-lang/markdown/issues/522,closed,2023-02-16,2023-03-11,2023-02-16,4befe66d779a84a7a5b386d927284b93ebb169cd
kevmoo,https://api.github.com/repos/dart-lang/markdown/pulls/520,https://api.github.com/repos/dart-lang/markdown/issues/520,closed,2023-02-15,2023-02-15,2023-02-15,cae08afbdf110e7fc6bef7eb45e7dc6438b0a4a3
chenzhiguang,https://api.github.com/repos/dart-lang/markdown/pulls/519,https://api.github.com/repos/dart-lang/markdown/issues/519,closed,2023-02-15,2023-02-16,2023-02-15,bdbaf76e6a4304da8e467c1e8216f287b7301428
kevmoo,https://api.github.com/repos/dart-lang/markdown/pulls/518,https://api.github.com/repos/dart-lang/markdown/issues/518,closed,2023-02-15,2023-02-15,2023-02-15,eb09fac6b6c95d439aa568616caf57c4ea017b57
kevmoo,https://api.github.com/repos/dart-lang/markdown/pulls/517,https://api.github.com/repos/dart-lang/markdown/issues/517,closed,2023-02-14,2023-02-15,2023-02-15,678804262b3677794b84540a83d5e0e0e1ebaa86
kevmoo,https://api.github.com/repos/dart-lang/markdown/pulls/516,https://api.github.com/repos/dart-lang/markdown/issues/516,closed,2023-02-14,2023-02-15,2023-02-15,a4cd7a00ab418e3bad8e0a849a8ccd95e691899b
chenzhiguang,https://api.github.com/repos/dart-lang/markdown/pulls/513,https://api.github.com/repos/dart-lang/markdown/issues/513,closed,2023-02-01,2023-02-01,2023-02-01,f51c24c5c5603ac20b6d88aded78ef3aa23619ac
chenzhiguang,https://api.github.com/repos/dart-lang/markdown/pulls/512,https://api.github.com/repos/dart-lang/markdown/issues/512,closed,2023-02-01,2023-03-11,2023-02-15,51a63894b7f7e336fcf49674f61e36dbbfd14e35
dependabot[bot],https://api.github.com/repos/dart-lang/markdown/pulls/511,https://api.github.com/repos/dart-lang/markdown/issues/511,closed,2023-02-01,2023-02-01,2023-02-01,5f25fc9d0dcb34b12d9c565638fbab6c95736939
dependabot[bot],https://api.github.com/repos/dart-lang/markdown/pulls/510,https://api.github.com/repos/dart-lang/markdown/issues/510,closed,2023-02-01,2023-02-01,2023-02-01,dd3e3a1773756908a6d80ef93c6f7612c2466848
kevmoo,https://api.github.com/repos/dart-lang/markdown/pulls/509,https://api.github.com/repos/dart-lang/markdown/issues/509,closed,2023-01-31,2023-01-31,2023-01-31,54266b20d5c1ade431448bc656016a8596815c42
chenzhiguang,https://api.github.com/repos/dart-lang/markdown/pulls/508,https://api.github.com/repos/dart-lang/markdown/issues/508,closed,2023-01-30,2023-03-11,2023-01-31,d6ceff94e32be2034d80154a16351fcfaff988ce
kevmoo,https://api.github.com/repos/dart-lang/markdown/pulls/507,https://api.github.com/repos/dart-lang/markdown/issues/507,closed,2023-01-24,2023-01-24,2023-01-24,e8f84dc2987fb01bb3d0bab26dee7db197695e3e
chenzhiguang,https://api.github.com/repos/dart-lang/markdown/pulls/506,https://api.github.com/repos/dart-lang/markdown/issues/506,closed,2023-01-14,2023-01-30,2023-01-29,ccd3c8b04c31b599cbbe007be0aac09d97642385
srawlins,https://api.github.com/repos/dart-lang/markdown/pulls/504,https://api.github.com/repos/dart-lang/markdown/issues/504,closed,2023-01-09,2023-01-10,2023-01-10,c1b9bc60f7694867669d42398d6f9d2d1297b735
dependabot[bot],https://api.github.com/repos/dart-lang/markdown/pulls/501,https://api.github.com/repos/dart-lang/markdown/issues/501,closed,2023-01-01,2023-01-01,2023-01-01,3e78c088b95b7a3c404626e46e5da672e50b55b9
chenzhiguang,https://api.github.com/repos/dart-lang/markdown/pulls/500,https://api.github.com/repos/dart-lang/markdown/issues/500,closed,2022-12-01,2023-01-30,2023-01-13,d110770c4a30a0fb8fb2ba8ee6d237daa37322ed
chenzhiguang,https://api.github.com/repos/dart-lang/markdown/pulls/499,https://api.github.com/repos/dart-lang/markdown/issues/499,closed,2022-11-30,2022-12-16,2022-12-15,417747fcfb2b58f14cd727fc1e0cc7c96560e3bb
chenzhiguang,https://api.github.com/repos/dart-lang/markdown/pulls/498,https://api.github.com/repos/dart-lang/markdown/issues/498,closed,2022-11-29,2022-11-29,2022-11-29,30ec05f8338b15515feee56cfea7e10f9b50ab05
chenzhiguang,https://api.github.com/repos/dart-lang/markdown/pulls/496,https://api.github.com/repos/dart-lang/markdown/issues/496,closed,2022-11-24,2022-11-24,2022-11-24,ee3f4e976efcfed87c6ec78364bc2dd3c6e717b9
chenzhiguang,https://api.github.com/repos/dart-lang/markdown/pulls/494,https://api.github.com/repos/dart-lang/markdown/issues/494,closed,2022-11-16,2022-11-29,2022-11-29,c3d113635b044b94469a64eb33fcf2b4b4aad55c
chenzhiguang,https://api.github.com/repos/dart-lang/markdown/pulls/493,https://api.github.com/repos/dart-lang/markdown/issues/493,closed,2022-11-15,2023-01-30,2022-11-16,37951d151750acfae756b2e466f563c1c5119b3d
chenzhiguang,https://api.github.com/repos/dart-lang/markdown/pulls/492,https://api.github.com/repos/dart-lang/markdown/issues/492,closed,2022-11-15,2022-11-17,2022-11-16,c9048c03c1a17e51f3d6fb5125d68bdec267a928
kevmoo,https://api.github.com/repos/dart-lang/markdown/pulls/491,https://api.github.com/repos/dart-lang/markdown/issues/491,closed,2022-11-14,2022-11-15,2022-11-15,32c52d61fd96cd24b8d9822a7d08a5227d7f1157
chenzhiguang,https://api.github.com/repos/dart-lang/markdown/pulls/490,https://api.github.com/repos/dart-lang/markdown/issues/490,closed,2022-11-11,2023-04-25,,1f742dba44e88e22c93ea85a9b038074fe978d7c
chenzhiguang,https://api.github.com/repos/dart-lang/markdown/pulls/489,https://api.github.com/repos/dart-lang/markdown/issues/489,closed,2022-11-11,2022-11-11,2022-11-11,2fab84623e07acdd378b97acb1ec6b035e76faf1
chenzhiguang,https://api.github.com/repos/dart-lang/markdown/pulls/488,https://api.github.com/repos/dart-lang/markdown/issues/488,closed,2022-11-10,2022-11-15,2022-11-15,29196b7b0154c18ca1c9baaff8b63fe507a14d4a
chenzhiguang,https://api.github.com/repos/dart-lang/markdown/pulls/487,https://api.github.com/repos/dart-lang/markdown/issues/487,closed,2022-11-10,2022-11-10,2022-11-10,816dd879ef4ad3a78bfae086ed7887538ed8b825
chenzhiguang,https://api.github.com/repos/dart-lang/markdown/pulls/486,https://api.github.com/repos/dart-lang/markdown/issues/486,closed,2022-11-10,2022-11-14,2022-11-14,0a7a5318f87eded1020bc3026fc27aa3d4415a2f
chenzhiguang,https://api.github.com/repos/dart-lang/markdown/pulls/485,https://api.github.com/repos/dart-lang/markdown/issues/485,closed,2022-11-09,2022-11-09,2022-11-09,fe889bc672649a3ad1e53c0dc4a5ec7db8b36212
chenzhiguang,https://api.github.com/repos/dart-lang/markdown/pulls/484,https://api.github.com/repos/dart-lang/markdown/issues/484,closed,2022-11-08,2022-11-10,2022-11-10,a529e58598ca402adfef6445f9b3e00ab0aca90b
devoncarew,https://api.github.com/repos/dart-lang/markdown/pulls/481,https://api.github.com/repos/dart-lang/markdown/issues/481,closed,2022-11-01,2022-11-04,2022-11-04,eb6fcb154d7500d3d00dc4a2e488f90f4feeb6d9
chenzhiguang,https://api.github.com/repos/dart-lang/markdown/pulls/479,https://api.github.com/repos/dart-lang/markdown/issues/479,closed,2022-10-28,2022-11-09,2022-11-09,a70b93a1a004cc1da04a3e3ea59821ef8391e0d6
chenzhiguang,https://api.github.com/repos/dart-lang/markdown/pulls/478,https://api.github.com/repos/dart-lang/markdown/issues/478,closed,2022-10-28,2022-11-08,2022-11-08,0a37f46352a23179c75be41ca018ad045e68e306
kevmoo,https://api.github.com/repos/dart-lang/markdown/pulls/476,https://api.github.com/repos/dart-lang/markdown/issues/476,closed,2022-10-25,2022-10-25,2022-10-25,9b61871ab57da13211ab988c19ab79ea4a8cab0a
kevmoo,https://api.github.com/repos/dart-lang/markdown/pulls/475,https://api.github.com/repos/dart-lang/markdown/issues/475,closed,2022-10-25,2022-11-08,2022-11-08,1d6f21044025e98be8888ca491de287602bfdd82
kevmoo,https://api.github.com/repos/dart-lang/markdown/pulls/474,https://api.github.com/repos/dart-lang/markdown/issues/474,closed,2022-10-25,2022-10-25,2022-10-25,aee6a40de37fd9d406b3c3119fb02a3805b3c950
chenzhiguang,https://api.github.com/repos/dart-lang/markdown/pulls/473,https://api.github.com/repos/dart-lang/markdown/issues/473,closed,2022-10-25,2022-11-08,2022-11-04,9ff4a9f1d37c763f827084ba28a3d0bfec6b5d67
chenzhiguang,https://api.github.com/repos/dart-lang/markdown/pulls/472,https://api.github.com/repos/dart-lang/markdown/issues/472,closed,2022-10-25,2022-11-03,2022-10-29,07e26831b8a22f446c83a7dc433a5282a53a6102
chenzhiguang,https://api.github.com/repos/dart-lang/markdown/pulls/471,https://api.github.com/repos/dart-lang/markdown/issues/471,closed,2022-10-24,2022-10-31,2022-10-31,49eefd211e7840bac7e11257cd966435ae3cb07f
kevmoo,https://api.github.com/repos/dart-lang/markdown/pulls/469,https://api.github.com/repos/dart-lang/markdown/issues/469,closed,2022-10-14,2022-10-14,2022-10-14,16781b6ef278af02efb2e09b34e3fed8a1eefa72
kevmoo,https://api.github.com/repos/dart-lang/markdown/pulls/468,https://api.github.com/repos/dart-lang/markdown/issues/468,closed,2022-10-13,2022-10-19,2022-10-14,93d0eee771f6355be6737c2a865f613f6b105bf1
chenzhiguang,https://api.github.com/repos/dart-lang/markdown/pulls/467,https://api.github.com/repos/dart-lang/markdown/issues/467,closed,2022-10-05,2022-10-31,2022-10-25,88f3f8a3d85de9cec2191032cb70a3b01edf9220
chenzhiguang,https://api.github.com/repos/dart-lang/markdown/pulls/465,https://api.github.com/repos/dart-lang/markdown/issues/465,closed,2022-10-04,2022-10-07,2022-10-06,f3873403f5b1a0319f78632a8fbc2b22315a7b83
chenzhiguang,https://api.github.com/repos/dart-lang/markdown/pulls/464,https://api.github.com/repos/dart-lang/markdown/issues/464,closed,2022-10-01,2022-10-04,2022-10-04,e7915ed2892d31776a6ab59b5e9cc7594352274e
srawlins,https://api.github.com/repos/dart-lang/markdown/pulls/463,https://api.github.com/repos/dart-lang/markdown/issues/463,closed,2022-09-29,2022-10-07,2022-10-07,d72ae07c8290b3780044170eda28eda5a9fb342e
srawlins,https://api.github.com/repos/dart-lang/markdown/pulls/462,https://api.github.com/repos/dart-lang/markdown/issues/462,closed,2022-09-20,2022-09-20,2022-09-20,87e4c689342d5bbaa84ba2999abf0bff503979be
timmaffett,https://api.github.com/repos/dart-lang/markdown/pulls/459,https://api.github.com/repos/dart-lang/markdown/issues/459,closed,2022-09-17,2022-09-21,2022-09-17,37305cf1419a77cbf2c6696bd0a15a73c6faeef8
chenzhiguang,https://api.github.com/repos/dart-lang/markdown/pulls/458,https://api.github.com/repos/dart-lang/markdown/issues/458,closed,2022-09-15,2022-10-04,2022-09-30,5713b50853f04c8e33af54334790f3d01d130dd5
kevmoo,https://api.github.com/repos/dart-lang/markdown/pulls/456,https://api.github.com/repos/dart-lang/markdown/issues/456,closed,2022-09-08,2022-09-12,2022-09-10,2e5e347a74a5b6040eb3c7bd22b80b140334f4ef
kevmoo,https://api.github.com/repos/dart-lang/markdown/pulls/455,https://api.github.com/repos/dart-lang/markdown/issues/455,closed,2022-09-08,2022-09-09,2022-09-09,a0b5a05626a84fc316a2c8dcb4b51dd780a73b19
lindeer,https://api.github.com/repos/dart-lang/markdown/pulls/452,https://api.github.com/repos/dart-lang/markdown/issues/452,closed,2022-08-31,2022-10-26,2022-10-25,299964e2b57bd399c858b44bf7ad9fcb04a00d1d
chenzhiguang,https://api.github.com/repos/dart-lang/markdown/pulls/450,https://api.github.com/repos/dart-lang/markdown/issues/450,closed,2022-08-27,2022-10-04,2022-08-30,8247955dca9d896eb8d4aa13b351564db83ce1b1
srawlins,https://api.github.com/repos/dart-lang/markdown/pulls/449,https://api.github.com/repos/dart-lang/markdown/issues/449,closed,2022-08-26,2022-09-20,2022-08-30,a602760482b764cd288e3f756f5257467407ffb9
chenzhiguang,https://api.github.com/repos/dart-lang/markdown/pulls/447,https://api.github.com/repos/dart-lang/markdown/issues/447,closed,2022-08-26,2023-01-30,2023-01-20,93f67b02271487b16a52ccce7dd0627657091a52
jonasfj,https://api.github.com/repos/dart-lang/markdown/pulls/446,https://api.github.com/repos/dart-lang/markdown/issues/446,closed,2022-08-24,2022-11-04,2022-11-01,2e6319525785a1003444b43421c99de59f9237b3
srawlins,https://api.github.com/repos/dart-lang/markdown/pulls/443,https://api.github.com/repos/dart-lang/markdown/issues/443,closed,2022-08-10,2022-08-10,2022-08-10,32a94505ded3863b82310b86344a003a19c00341
kevmoo,https://api.github.com/repos/dart-lang/markdown/pulls/442,https://api.github.com/repos/dart-lang/markdown/issues/442,closed,2022-08-09,2022-08-09,2022-08-09,e479495ae227412b847bb04f25914f09c4bdd290
lindeer,https://api.github.com/repos/dart-lang/markdown/pulls/441,https://api.github.com/repos/dart-lang/markdown/issues/441,closed,2022-08-08,2023-04-04,2023-03-31,0daf2315f305bcb6ae705700338929160bcdf084
YeomDongUk,https://api.github.com/repos/dart-lang/markdown/pulls/440,https://api.github.com/repos/dart-lang/markdown/issues/440,closed,2022-07-26,2022-07-26,,fff4bae8a1d6b48c8f0234fbb22fdff4fb84d9ce
YeomDongUk,https://api.github.com/repos/dart-lang/markdown/pulls/439,https://api.github.com/repos/dart-lang/markdown/issues/439,closed,2022-07-26,2022-07-26,,3ffbb4741b0f8fe823bc4c7de98cb6890c1c244a
kevmoo,https://api.github.com/repos/dart-lang/markdown/pulls/435,https://api.github.com/repos/dart-lang/markdown/issues/435,closed,2022-05-20,2022-05-20,2022-05-20,e3f4bd28c9e61b522f75f291d4d6cfcfeccd83ee
kevmoo,https://api.github.com/repos/dart-lang/markdown/pulls/434,https://api.github.com/repos/dart-lang/markdown/issues/434,closed,2022-05-20,2022-05-20,2022-05-20,a678bfcf675aa52d64f1af67bbd9cf7023fae50d
timmaffett,https://api.github.com/repos/dart-lang/markdown/pulls/433,https://api.github.com/repos/dart-lang/markdown/issues/433,open,2022-05-20,2023-05-30,,cce8b10d1de3b33d2f3829c0e356a63a54865938
timmaffett,https://api.github.com/repos/dart-lang/markdown/pulls/431,https://api.github.com/repos/dart-lang/markdown/issues/431,closed,2022-05-19,2022-09-02,2022-09-02,de32a69ab4e5e8fb1c55de04585403041250e182
chenzhiguang,https://api.github.com/repos/dart-lang/markdown/pulls/430,https://api.github.com/repos/dart-lang/markdown/issues/430,closed,2022-05-15,2022-08-22,,ffad1587bc660b4897db9cf742325c6cf16f80ae
timmaffett,https://api.github.com/repos/dart-lang/markdown/pulls/429,https://api.github.com/repos/dart-lang/markdown/issues/429,closed,2022-05-06,2022-05-07,,7527b2ca20941c7953c2d2d297959a234a606857
timmaffett,https://api.github.com/repos/dart-lang/markdown/pulls/428,https://api.github.com/repos/dart-lang/markdown/issues/428,closed,2022-05-06,2022-07-20,2022-06-09,73ad99eeddc1ecebd27faa3221e68c81dc8217eb
timmaffett,https://api.github.com/repos/dart-lang/markdown/pulls/427,https://api.github.com/repos/dart-lang/markdown/issues/427,closed,2022-05-06,2022-06-08,2022-06-08,8b340178c803d730c7e9bd2a756af10cab9f21d3
natebosch,https://api.github.com/repos/dart-lang/markdown/pulls/426,https://api.github.com/repos/dart-lang/markdown/issues/426,closed,2022-05-04,2022-05-04,,
pq,https://api.github.com/repos/dart-lang/markdown/pulls/425,https://api.github.com/repos/dart-lang/markdown/issues/425,closed,2022-05-03,2022-05-03,2022-05-03,bc79c43377f6f5ab90344fadf6b1ad18f183fcc7
chenzhiguang,https://api.github.com/repos/dart-lang/markdown/pulls/424,https://api.github.com/repos/dart-lang/markdown/issues/424,closed,2022-04-28,2022-05-04,,3e7250ef7fa730c193a0fdfb42be3916b4e00ee9
sortie,https://api.github.com/repos/dart-lang/markdown/pulls/423,https://api.github.com/repos/dart-lang/markdown/issues/423,closed,2022-04-26,2022-04-27,2022-04-27,7987e1e5ea945e7620d7cd72dcf1f6655968e5c0
chenzhiguang,https://api.github.com/repos/dart-lang/markdown/pulls/422,https://api.github.com/repos/dart-lang/markdown/issues/422,closed,2022-04-19,2022-04-27,2022-04-27,90995fdb52367096caeba7ff9882fcf43679a717
chenzhiguang,https://api.github.com/repos/dart-lang/markdown/pulls/421,https://api.github.com/repos/dart-lang/markdown/issues/421,closed,2022-04-19,2022-04-19,,8654c3e0b84daeb6ae524007148c17c98d0fbb6c
chenzhiguang,https://api.github.com/repos/dart-lang/markdown/pulls/420,https://api.github.com/repos/dart-lang/markdown/issues/420,closed,2022-04-19,2022-04-19,2022-04-19,8bb90622c7cc373d269cda441cdac4fd99a03d7e
chenzhiguang,https://api.github.com/repos/dart-lang/markdown/pulls/419,https://api.github.com/repos/dart-lang/markdown/issues/419,closed,2022-04-17,2022-04-19,,100dfdc406cbd7c3120744d04a836dd401524505
chenzhiguang,https://api.github.com/repos/dart-lang/markdown/pulls/418,https://api.github.com/repos/dart-lang/markdown/issues/418,closed,2022-04-16,2022-04-18,2022-04-17,1c5f2e797175ec6229eb555e6ffa6ab1064014e3
chenzhiguang,https://api.github.com/repos/dart-lang/markdown/pulls/417,https://api.github.com/repos/dart-lang/markdown/issues/417,closed,2022-04-16,2022-04-18,2022-04-17,4784153888e0d697c4e6df4bd7a18d30dcc388e2
chenzhiguang,https://api.github.com/repos/dart-lang/markdown/pulls/416,https://api.github.com/repos/dart-lang/markdown/issues/416,closed,2022-04-16,2022-04-18,2022-04-17,0d67e99705f1590f5ad2e59f3d4ca0c13bbd4845
chenzhiguang,https://api.github.com/repos/dart-lang/markdown/pulls/415,https://api.github.com/repos/dart-lang/markdown/issues/415,closed,2022-04-15,2022-04-18,2022-04-16,5561351d73686a9275362f3e4483ab6bf9f29c91
chenzhiguang,https://api.github.com/repos/dart-lang/markdown/pulls/413,https://api.github.com/repos/dart-lang/markdown/issues/413,closed,2022-04-12,2022-05-05,,4ae9b03746faf94d4c7396e2d81c52b100e4de09
chenzhiguang,https://api.github.com/repos/dart-lang/markdown/pulls/412,https://api.github.com/repos/dart-lang/markdown/issues/412,closed,2022-04-11,2022-04-28,,f62333179d6d977f835f58477d1164c47e46fc92
chenzhiguang,https://api.github.com/repos/dart-lang/markdown/pulls/411,https://api.github.com/repos/dart-lang/markdown/issues/411,closed,2022-04-11,2022-04-12,,
chenzhiguang,https://api.github.com/repos/dart-lang/markdown/pulls/407,https://api.github.com/repos/dart-lang/markdown/issues/407,closed,2022-04-05,2022-04-18,2022-04-14,6d3914769554e1a0f342837e5e3bf18ab6729686
srawlins,https://api.github.com/repos/dart-lang/markdown/pulls/406,https://api.github.com/repos/dart-lang/markdown/issues/406,closed,2022-04-01,2022-04-01,2022-04-01,5699cafa9ef004875fd7de8ae9ea00e5295e87a4
chenzhiguang,https://api.github.com/repos/dart-lang/markdown/pulls/405,https://api.github.com/repos/dart-lang/markdown/issues/405,closed,2022-03-31,2022-04-02,2022-04-01,30e61b4038fbc775ddc3fc19994e3c0ee096060b
chenzhiguang,https://api.github.com/repos/dart-lang/markdown/pulls/404,https://api.github.com/repos/dart-lang/markdown/issues/404,closed,2022-03-28,2022-04-02,2022-04-01,ed5923559fe348c8746a79c617a7ad9f85400c08
chenzhiguang,https://api.github.com/repos/dart-lang/markdown/pulls/403,https://api.github.com/repos/dart-lang/markdown/issues/403,closed,2022-03-25,2022-04-02,2022-04-01,f58890be03182a5a6395f0e90c2280715c42a732
chenzhiguang,https://api.github.com/repos/dart-lang/markdown/pulls/402,https://api.github.com/repos/dart-lang/markdown/issues/402,closed,2022-03-25,2022-04-09,2022-03-30,0bac4f689c2a93db611738b1018b9b1f72a5d9f5
chenzhiguang,https://api.github.com/repos/dart-lang/markdown/pulls/401,https://api.github.com/repos/dart-lang/markdown/issues/401,closed,2022-03-25,2022-04-09,2022-03-31,eff4b108fdbe0d9d88c846ba3a6b40c24cb0750f
chenzhiguang,https://api.github.com/repos/dart-lang/markdown/pulls/400,https://api.github.com/repos/dart-lang/markdown/issues/400,closed,2022-03-25,2022-04-12,2022-04-12,4f4e899bcb3e819479138ff2546f79660eefe3c1
chenzhiguang,https://api.github.com/repos/dart-lang/markdown/pulls/399,https://api.github.com/repos/dart-lang/markdown/issues/399,closed,2022-03-21,2022-03-31,2022-03-30,51bb7c328c4d80b899762a76a82dea0f35ef15ec
chenzhiguang,https://api.github.com/repos/dart-lang/markdown/pulls/398,https://api.github.com/repos/dart-lang/markdown/issues/398,closed,2022-03-16,2022-04-09,,43d9db5a9b1d0afec88b8bd697b8727ec707ee9a
telenieko,https://api.github.com/repos/dart-lang/markdown/pulls/397,https://api.github.com/repos/dart-lang/markdown/issues/397,closed,2022-03-15,2022-03-16,2022-03-16,dc110ff052c474f50bb3ba9055a27564783db5a8
telenieko,https://api.github.com/repos/dart-lang/markdown/pulls/396,https://api.github.com/repos/dart-lang/markdown/issues/396,closed,2022-03-15,2022-04-03,2022-04-03,347157868d06fe30d861dd40bf71d2fc471098e1
telenieko,https://api.github.com/repos/dart-lang/markdown/pulls/395,https://api.github.com/repos/dart-lang/markdown/issues/395,closed,2022-03-15,2022-03-15,,2572da957bcb3deb1ba0fbabe18948c62f8e219a
chenzhiguang,https://api.github.com/repos/dart-lang/markdown/pulls/394,https://api.github.com/repos/dart-lang/markdown/issues/394,closed,2022-03-08,2022-04-09,2022-04-04,e16aff0d5c08ee15e36a69d4f5d7dd613737c189
srawlins,https://api.github.com/repos/dart-lang/markdown/pulls/392,https://api.github.com/repos/dart-lang/markdown/issues/392,closed,2022-02-17,2022-02-17,2022-02-17,a8e6fe98cd6c6cc4c15a629b92e00703bfe84a9a
srawlins,https://api.github.com/repos/dart-lang/markdown/pulls/391,https://api.github.com/repos/dart-lang/markdown/issues/391,closed,2022-02-17,2022-02-17,2022-02-17,e501c698ac08bc31098e2ca07ec9a5f9b6fff86a
srawlins,https://api.github.com/repos/dart-lang/markdown/pulls/389,https://api.github.com/repos/dart-lang/markdown/issues/389,closed,2022-02-16,2022-02-17,2022-02-17,43668f959b82abc063ee772e38361630c4cc3595
hongfeiyang,https://api.github.com/repos/dart-lang/markdown/pulls/388,https://api.github.com/repos/dart-lang/markdown/issues/388,closed,2022-01-20,2022-02-13,,0ed847b608c23fa000663a3f1686a5efb3429363
TarekkMA,https://api.github.com/repos/dart-lang/markdown/pulls/386,https://api.github.com/repos/dart-lang/markdown/issues/386,closed,2021-11-19,2021-11-30,2021-11-24,1a418f96c4bc34dc88636f5eb890c0e0177038ca
srawlins,https://api.github.com/repos/dart-lang/markdown/pulls/384,https://api.github.com/repos/dart-lang/markdown/issues/384,closed,2021-11-19,2021-12-15,,
kevmoo,https://api.github.com/repos/dart-lang/markdown/pulls/383,https://api.github.com/repos/dart-lang/markdown/issues/383,closed,2021-11-16,2021-11-16,2021-11-16,7479783f0493f6717e1d7ae31cb37d39a91026b2
kevmoo,https://api.github.com/repos/dart-lang/markdown/pulls/382,https://api.github.com/repos/dart-lang/markdown/issues/382,closed,2021-11-14,2021-11-14,2021-11-14,83838c6bb6828aba0b8defc3a1c750d7d48d29b1
kevmoo,https://api.github.com/repos/dart-lang/markdown/pulls/379,https://api.github.com/repos/dart-lang/markdown/issues/379,closed,2021-09-28,2021-09-28,2021-09-28,a47d0cba295a2924dba12e19522b9f71c26863e5
srawlins,https://api.github.com/repos/dart-lang/markdown/pulls/378,https://api.github.com/repos/dart-lang/markdown/issues/378,closed,2021-08-19,2021-09-28,2021-09-28,10b8b0a759067c1b94ae6337bf73137ae2d99d08
ValentinVignal,https://api.github.com/repos/dart-lang/markdown/pulls/377,https://api.github.com/repos/dart-lang/markdown/issues/377,closed,2021-08-18,2021-08-20,2021-08-19,5e6bf7efea0dc6a72db9f0718d660e203e75d960
parlough,https://api.github.com/repos/dart-lang/markdown/pulls/374,https://api.github.com/repos/dart-lang/markdown/issues/374,closed,2021-06-24,2021-06-24,2021-06-24,f0fc17e039099ec713039d375dbb1f6abbe2bfe0
parlough,https://api.github.com/repos/dart-lang/markdown/pulls/373,https://api.github.com/repos/dart-lang/markdown/issues/373,closed,2021-06-24,2021-06-24,2021-06-24,42b66deb101ad95e32256d79d49e01cd9794cbce
parlough,https://api.github.com/repos/dart-lang/markdown/pulls/372,https://api.github.com/repos/dart-lang/markdown/issues/372,closed,2021-06-24,2021-06-24,2021-06-24,d23d9bc3988f57e6397747e9ecec1bd3f1659412
srawlins,https://api.github.com/repos/dart-lang/markdown/pulls/370,https://api.github.com/repos/dart-lang/markdown/issues/370,closed,2021-05-21,2021-05-24,2021-05-24,cd8701a47e82dbe201e5ae14363619b1e362d6d9
franklinyow,https://api.github.com/repos/dart-lang/markdown/pulls/366,https://api.github.com/repos/dart-lang/markdown/issues/366,closed,2021-04-02,2021-04-02,2021-04-02,cf859b544d20ec1104b40d30687d9cc325c25f55
srawlins,https://api.github.com/repos/dart-lang/markdown/pulls/363,https://api.github.com/repos/dart-lang/markdown/issues/363,closed,2021-03-16,2021-11-02,,8a63f53b7374b65d085f38f244bf5f0707f12e98
kevmoo,https://api.github.com/repos/dart-lang/markdown/pulls/362,https://api.github.com/repos/dart-lang/markdown/issues/362,closed,2021-03-16,2021-03-16,2021-03-16,bf29d784eab46540990518bc2cc4ba806e6f67e2
srawlins,https://api.github.com/repos/dart-lang/markdown/pulls/361,https://api.github.com/repos/dart-lang/markdown/issues/361,closed,2021-03-03,2021-03-05,2021-03-05,74fa483027c53fc1bc5cf95d1124ad22369c3771
jakemac53,https://api.github.com/repos/dart-lang/markdown/pulls/355,https://api.github.com/repos/dart-lang/markdown/issues/355,closed,2021-02-11,2021-02-11,2021-02-11,80e20fea935a2311bc29546e09676a21bfc4c3b3
jakemac53,https://api.github.com/repos/dart-lang/markdown/pulls/354,https://api.github.com/repos/dart-lang/markdown/issues/354,closed,2021-02-08,2021-02-08,2021-02-08,9c4beaac96d8f008078e00b027915f81b665d2de
athomas,https://api.github.com/repos/dart-lang/markdown/pulls/353,https://api.github.com/repos/dart-lang/markdown/issues/353,closed,2021-02-01,2021-02-01,2021-02-01,d897d3008c46241e857804ceeb699afa1edb8c40
srawlins,https://api.github.com/repos/dart-lang/markdown/pulls/352,https://api.github.com/repos/dart-lang/markdown/issues/352,closed,2021-01-06,2021-01-06,2021-01-06,185c12d21edda9853bb1de1e143fe30631d61a14
srawlins,https://api.github.com/repos/dart-lang/markdown/pulls/349,https://api.github.com/repos/dart-lang/markdown/issues/349,closed,2020-12-16,2020-12-17,2020-12-17,6c48ca8879e122ff65a73813f5f4d0c66f985d97
srawlins,https://api.github.com/repos/dart-lang/markdown/pulls/348,https://api.github.com/repos/dart-lang/markdown/issues/348,closed,2020-12-15,2020-12-15,2020-12-15,607653c7392f8a25deae7179afd3d63f10946cf7
srawlins,https://api.github.com/repos/dart-lang/markdown/pulls/347,https://api.github.com/repos/dart-lang/markdown/issues/347,closed,2020-12-14,2020-12-15,2020-12-15,53ccb8ab6889d6f4729155dd0754e87b4ae93a08
srawlins,https://api.github.com/repos/dart-lang/markdown/pulls/346,https://api.github.com/repos/dart-lang/markdown/issues/346,closed,2020-12-12,2020-12-14,2020-12-14,202c83d334c09eb7959a2dbd8931878870c6b1e6
srawlins,https://api.github.com/repos/dart-lang/markdown/pulls/345,https://api.github.com/repos/dart-lang/markdown/issues/345,closed,2020-12-09,2021-02-01,2020-12-10,f940f823fabad08b85c2d4fa9a76051d636eab99
srawlins,https://api.github.com/repos/dart-lang/markdown/pulls/339,https://api.github.com/repos/dart-lang/markdown/issues/339,closed,2020-10-12,2020-10-12,2020-10-12,6f89681d59541ddb1cf3a58efbdaa2304ffc3f51
srawlins,https://api.github.com/repos/dart-lang/markdown/pulls/321,https://api.github.com/repos/dart-lang/markdown/issues/321,closed,2020-09-12,2020-09-12,2020-09-12,d25e129e3f85237d69576ffa446dbed910923d77
srawlins,https://api.github.com/repos/dart-lang/markdown/pulls/320,https://api.github.com/repos/dart-lang/markdown/issues/320,closed,2020-09-11,2020-09-12,2020-09-12,9874d499a78c45b2acff988b0d3c9ea28bfe33e4
srawlins,https://api.github.com/repos/dart-lang/markdown/pulls/317,https://api.github.com/repos/dart-lang/markdown/issues/317,closed,2020-09-09,2020-09-09,2020-09-09,813fcf22cd7f0f34cae40730448194442e2950a1
srawlins,https://api.github.com/repos/dart-lang/markdown/pulls/313,https://api.github.com/repos/dart-lang/markdown/issues/313,closed,2020-08-18,2020-08-18,2020-08-18,8c8c1dc0398ffeef324481612717873aaba4b17f
srawlins,https://api.github.com/repos/dart-lang/markdown/pulls/312,https://api.github.com/repos/dart-lang/markdown/issues/312,closed,2020-08-17,2020-08-17,2020-08-17,6ad2be2ef3739ca189bbf828c5f6fd5896f1d1d1
mjordan56,https://api.github.com/repos/dart-lang/markdown/pulls/311,https://api.github.com/repos/dart-lang/markdown/issues/311,closed,2020-08-16,2020-08-16,2020-08-16,dbeafd47759e7dd0a167602153bb9c49fb5e5fe7
mjordan56,https://api.github.com/repos/dart-lang/markdown/pulls/309,https://api.github.com/repos/dart-lang/markdown/issues/309,closed,2020-08-15,2021-01-25,2020-08-18,95c1bc582f5cd6f120c978d0f6c1b0fb889f9241
mjordan56,https://api.github.com/repos/dart-lang/markdown/pulls/308,https://api.github.com/repos/dart-lang/markdown/issues/308,closed,2020-08-14,2020-08-14,2020-08-14,510a42df7513c9ab7b2afb32e871dee72ef1b1ae
srawlins,https://api.github.com/repos/dart-lang/markdown/pulls/307,https://api.github.com/repos/dart-lang/markdown/issues/307,closed,2020-08-14,2020-08-15,2020-08-15,94295e5e7b683805d86a0e0c185252465922c83e
mjordan56,https://api.github.com/repos/dart-lang/markdown/pulls/306,https://api.github.com/repos/dart-lang/markdown/issues/306,closed,2020-08-14,2020-08-14,,012bb5e32f737a9a8a4bbf9dc0530dd0ec98c8fb
mjordan56,https://api.github.com/repos/dart-lang/markdown/pulls/304,https://api.github.com/repos/dart-lang/markdown/issues/304,closed,2020-08-14,2020-09-07,2020-08-17,a1de5ee055fdb1eea1b0fa637bbf99950b4c6740
srawlins,https://api.github.com/repos/dart-lang/markdown/pulls/298,https://api.github.com/repos/dart-lang/markdown/issues/298,closed,2020-07-30,2020-07-31,2020-07-31,2ede692f593d14dcbf1dbc4a9086db3885a731e7
srawlins,https://api.github.com/repos/dart-lang/markdown/pulls/297,https://api.github.com/repos/dart-lang/markdown/issues/297,closed,2020-07-24,2021-11-02,2020-07-30,bc868002fb4e7ec120e0b8b748979abd9471229c
srawlins,https://api.github.com/repos/dart-lang/markdown/pulls/296,https://api.github.com/repos/dart-lang/markdown/issues/296,closed,2020-07-14,2020-07-15,2020-07-15,acaddfe74217f62498b5cf0cf5429efa6a700be3
alechenninger,https://api.github.com/repos/dart-lang/markdown/pulls/295,https://api.github.com/repos/dart-lang/markdown/issues/295,closed,2020-07-08,2020-07-14,2020-07-14,ff2a81060d923c0099303442ceaf37761565ece2
alechenninger,https://api.github.com/repos/dart-lang/markdown/pulls/294,https://api.github.com/repos/dart-lang/markdown/issues/294,closed,2020-07-08,2020-07-09,2020-07-09,d1200a5926295c558d49aa72ae36b1aa660bf162
srawlins,https://api.github.com/repos/dart-lang/markdown/pulls/292,https://api.github.com/repos/dart-lang/markdown/issues/292,closed,2020-06-11,2020-06-11,2020-06-11,84ff033b5aaf49bcde3e078b83d5a581fe514b96
srawlins,https://api.github.com/repos/dart-lang/markdown/pulls/291,https://api.github.com/repos/dart-lang/markdown/issues/291,closed,2020-05-28,2020-05-28,2020-05-28,cb0d02e35d48b63ca239d85a3598f5a0954b2e5d
srawlins,https://api.github.com/repos/dart-lang/markdown/pulls/290,https://api.github.com/repos/dart-lang/markdown/issues/290,closed,2020-05-27,2020-05-28,2020-05-28,fd341133973f9454c8fcc32781e71a42db2513bc
srawlins,https://api.github.com/repos/dart-lang/markdown/pulls/289,https://api.github.com/repos/dart-lang/markdown/issues/289,closed,2020-05-26,2020-06-01,2020-06-01,f97dd04e25f87b1442c156d16738e0be9cc54432
srawlins,https://api.github.com/repos/dart-lang/markdown/pulls/288,https://api.github.com/repos/dart-lang/markdown/issues/288,closed,2020-05-26,2020-06-11,2020-06-01,1dde82fc40ea38d052f0db45d97208ee50f9b893
kevmoo,https://api.github.com/repos/dart-lang/markdown/pulls/283,https://api.github.com/repos/dart-lang/markdown/issues/283,closed,2020-03-17,2020-03-17,2020-03-17,dd150bb64c5f3b41d31f20f399ae2a855f7f8c00
srawlins,https://api.github.com/repos/dart-lang/markdown/pulls/282,https://api.github.com/repos/dart-lang/markdown/issues/282,closed,2020-03-07,2020-03-09,2020-03-09,5e9163bfe165c420a91ae236440898188d622663
natebosch,https://api.github.com/repos/dart-lang/markdown/pulls/279,https://api.github.com/repos/dart-lang/markdown/issues/279,closed,2019-12-06,2019-12-06,2019-12-06,4464dfef2916c9343e546cb9872dc6ec143af68e
srawlins,https://api.github.com/repos/dart-lang/markdown/pulls/278,https://api.github.com/repos/dart-lang/markdown/issues/278,closed,2019-11-26,2019-11-26,2019-11-26,0d8a5486f672b273ad0a3bc243f6a87268ee88ee
srawlins,https://api.github.com/repos/dart-lang/markdown/pulls/276,https://api.github.com/repos/dart-lang/markdown/issues/276,closed,2019-11-15,2019-11-15,2019-11-15,494861631afcabefce43329b248df1d6b2c0e816
KagurazakaHanabi,https://api.github.com/repos/dart-lang/markdown/pulls/275,https://api.github.com/repos/dart-lang/markdown/issues/275,closed,2019-11-15,2019-11-16,2019-11-16,73f9db9fb18ddf4b535e78697dc0cee6f7309f49
srawlins,https://api.github.com/repos/dart-lang/markdown/pulls/274,https://api.github.com/repos/dart-lang/markdown/issues/274,closed,2019-11-14,2019-11-15,2019-11-15,c32c3fc30c237e76926f594091f2cb2ca74ac1f9
srawlins,https://api.github.com/repos/dart-lang/markdown/pulls/270,https://api.github.com/repos/dart-lang/markdown/issues/270,closed,2019-10-31,2019-10-31,2019-10-31,c3c15a015f2d4ee75e6b07c430f3733cf6decacb
tomyeh,https://api.github.com/repos/dart-lang/markdown/pulls/269,https://api.github.com/repos/dart-lang/markdown/issues/269,closed,2019-10-30,2021-08-11,,955a2eba7080745014e8d98d5d7b5cdb55a401bc
srawlins,https://api.github.com/repos/dart-lang/markdown/pulls/266,https://api.github.com/repos/dart-lang/markdown/issues/266,closed,2019-09-27,2019-09-27,2019-09-27,c585ef34054d1bf1a3cc094e5b2e50d36f84cef4
keertip,https://api.github.com/repos/dart-lang/markdown/pulls/265,https://api.github.com/repos/dart-lang/markdown/issues/265,closed,2019-09-24,2019-09-25,2019-09-25,384a4f637e159403efaacc14d382cf96f39d3ea8
keertip,https://api.github.com/repos/dart-lang/markdown/pulls/264,https://api.github.com/repos/dart-lang/markdown/issues/264,closed,2019-09-24,2020-03-08,2019-09-24,952c5c66baa64942a0a8473ce522261c3a2d95ab
srawlins,https://api.github.com/repos/dart-lang/markdown/pulls/262,https://api.github.com/repos/dart-lang/markdown/issues/262,closed,2019-09-23,2019-09-23,2019-09-23,c27bae04504f2187f6096b2e3833dfb6a4ae571f
srawlins,https://api.github.com/repos/dart-lang/markdown/pulls/260,https://api.github.com/repos/dart-lang/markdown/issues/260,closed,2019-08-28,2019-09-13,2019-09-13,b677ecefb3f0792a6e1d4170b2467ff2997c5aff
srawlins,https://api.github.com/repos/dart-lang/markdown/pulls/258,https://api.github.com/repos/dart-lang/markdown/issues/258,closed,2019-07-23,2019-07-23,2019-07-23,bcda5112a1b001fe3cad8ac6c95ff6bc1f20cc56
srawlins,https://api.github.com/repos/dart-lang/markdown/pulls/256,https://api.github.com/repos/dart-lang/markdown/issues/256,closed,2019-07-12,2019-07-16,2019-07-16,d4b0401a12fcc2c04272472bdfc70e56b473a2b2
tvolkert,https://api.github.com/repos/dart-lang/markdown/pulls/254,https://api.github.com/repos/dart-lang/markdown/issues/254,closed,2019-06-26,2019-06-26,2019-06-26,38b0fa591f23657d1e94a15d95e3c43766f46ba1
kevmoo,https://api.github.com/repos/dart-lang/markdown/pulls/253,https://api.github.com/repos/dart-lang/markdown/issues/253,closed,2019-05-24,2019-05-24,2019-05-24,73b5e89af0682d50b086da1da18c9e9c649090d3
kevmoo,https://api.github.com/repos/dart-lang/markdown/pulls/251,https://api.github.com/repos/dart-lang/markdown/issues/251,closed,2019-05-09,2019-05-09,2019-05-09,f4f087457aad9ffe6499f91ede19940cf4b93f88
kevmoo,https://api.github.com/repos/dart-lang/markdown/pulls/250,https://api.github.com/repos/dart-lang/markdown/issues/250,closed,2019-04-24,2019-04-24,2019-04-24,05d493c5f7af666eed5185819e278bc58da0be0c
kevmoo,https://api.github.com/repos/dart-lang/markdown/pulls/247,https://api.github.com/repos/dart-lang/markdown/issues/247,closed,2019-04-17,2019-04-19,2019-04-19,22dadc23acf0fdf38cce8d036055b16f511772b4
kevmoo,https://api.github.com/repos/dart-lang/markdown/pulls/246,https://api.github.com/repos/dart-lang/markdown/issues/246,closed,2019-04-16,2019-04-16,2019-04-16,47550d066a898e166bc1a57d89a74681ec06ac66
kevmoo,https://api.github.com/repos/dart-lang/markdown/pulls/245,https://api.github.com/repos/dart-lang/markdown/issues/245,closed,2019-04-16,2019-04-16,2019-04-16,dced0716cf1c8dd29fa0088176a6dd9ae03813d0
srawlins,https://api.github.com/repos/dart-lang/markdown/pulls/244,https://api.github.com/repos/dart-lang/markdown/issues/244,closed,2019-04-16,2019-04-16,2019-04-16,9fcb831131d9ebbe9bf28cb2a6a1ca16626b7dfc
kevmoo,https://api.github.com/repos/dart-lang/markdown/pulls/243,https://api.github.com/repos/dart-lang/markdown/issues/243,closed,2019-04-05,2019-04-05,2019-04-05,2723dd400632b356f7dfcd290b7a01b97088fae7
kevmoo,https://api.github.com/repos/dart-lang/markdown/pulls/242,https://api.github.com/repos/dart-lang/markdown/issues/242,closed,2019-03-26,2019-03-26,2019-03-26,015c3195d0cbe71abee735d74195663fb6f142ae
kevmoo,https://api.github.com/repos/dart-lang/markdown/pulls/241,https://api.github.com/repos/dart-lang/markdown/issues/241,closed,2019-03-25,2019-03-26,2019-03-26,63293875769652a5e0d1c069b84c0a503914e184
kevmoo,https://api.github.com/repos/dart-lang/markdown/pulls/240,https://api.github.com/repos/dart-lang/markdown/issues/240,closed,2019-03-25,2019-03-25,2019-03-25,2d6918654ee2b8e64d558aa950867c80173cacfd
sldsrg,https://api.github.com/repos/dart-lang/markdown/pulls/239,https://api.github.com/repos/dart-lang/markdown/issues/239,closed,2019-03-25,2019-03-27,2019-03-26,0d175aa9495137f2487499c88ba2a0aa74d3b368
kevmoo,https://api.github.com/repos/dart-lang/markdown/pulls/237,https://api.github.com/repos/dart-lang/markdown/issues/237,closed,2018-12-11,2018-12-11,2018-12-11,85490fec7df8c069ad64b3f9f258bbb1494d2133
kevmoo,https://api.github.com/repos/dart-lang/markdown/pulls/236,https://api.github.com/repos/dart-lang/markdown/issues/236,closed,2018-10-22,2018-10-29,2018-10-29,1d0225c9b2632cefebbddd434ca5ba429a5e8dfe
kevmoo,https://api.github.com/repos/dart-lang/markdown/pulls/235,https://api.github.com/repos/dart-lang/markdown/issues/235,closed,2018-10-08,2018-10-09,2018-10-09,4000ba2787f22e1bca521b37e21eb38d154e2baf
kevmoo,https://api.github.com/repos/dart-lang/markdown/pulls/234,https://api.github.com/repos/dart-lang/markdown/issues/234,closed,2018-10-08,2018-10-08,2018-10-08,95585a9c3d3902db255213a9ebe9b3b7db3fdea4
kevmoo,https://api.github.com/repos/dart-lang/markdown/pulls/232,https://api.github.com/repos/dart-lang/markdown/issues/232,closed,2018-08-10,2018-08-10,2018-08-10,69fd5c9dba045ffb624d63245d6790cf95d277ea
tomyeh,https://api.github.com/repos/dart-lang/markdown/pulls/231,https://api.github.com/repos/dart-lang/markdown/issues/231,closed,2018-08-10,2019-03-25,,fe5077391d2cbe1d1a2467c72c5b804adca2ff2b
chalin,https://api.github.com/repos/dart-lang/markdown/pulls/229,https://api.github.com/repos/dart-lang/markdown/issues/229,closed,2018-07-14,2018-07-16,2018-07-16,4f6738cd4d7da9e3ff59e2af4776f476012a1293
srawlins,https://api.github.com/repos/dart-lang/markdown/pulls/227,https://api.github.com/repos/dart-lang/markdown/issues/227,closed,2018-07-04,2018-07-05,2018-07-05,2e25fdad67f0dc90b364b126e38bf7aefd903dd0
srawlins,https://api.github.com/repos/dart-lang/markdown/pulls/225,https://api.github.com/repos/dart-lang/markdown/issues/225,closed,2018-07-02,2018-07-16,2018-07-16,de1cf9266a24300512f3c2900ac47880ea3d3cea
srawlins,https://api.github.com/repos/dart-lang/markdown/pulls/224,https://api.github.com/repos/dart-lang/markdown/issues/224,closed,2018-07-02,2018-07-02,2018-07-02,e2612649f6b0a70fd8ad9abebab01fa164f83606
kevmoo,https://api.github.com/repos/dart-lang/markdown/pulls/223,https://api.github.com/repos/dart-lang/markdown/issues/223,closed,2018-06-22,2018-06-22,2018-06-22,1c6986467a07f3dfeb547f47292060c22424f816
bcko,https://api.github.com/repos/dart-lang/markdown/pulls/222,https://api.github.com/repos/dart-lang/markdown/issues/222,closed,2018-05-26,2018-05-29,,c5c81024a4bec881b634ef4bed2b318b0f6d0bee
srawlins,https://api.github.com/repos/dart-lang/markdown/pulls/221,https://api.github.com/repos/dart-lang/markdown/issues/221,closed,2018-05-18,2018-05-18,2018-05-18,5b54cd7bca6209d86d65ff6d8be85a136ac78bfa
kevmoo,https://api.github.com/repos/dart-lang/markdown/pulls/220,https://api.github.com/repos/dart-lang/markdown/issues/220,closed,2018-05-09,2018-05-09,2018-05-09,a141e686b3c0e1e536b6170ab3533fba89e2a0a5
srawlins,https://api.github.com/repos/dart-lang/markdown/pulls/219,https://api.github.com/repos/dart-lang/markdown/issues/219,closed,2018-05-09,2018-05-09,2018-05-09,f294da5c04d0aba4f4dfd4bbe9baab375068c797
westy92,https://api.github.com/repos/dart-lang/markdown/pulls/218,https://api.github.com/repos/dart-lang/markdown/issues/218,closed,2018-04-30,2018-05-09,2018-05-09,e7ea5790d2da93bb628a5c9cda29cd7df9fb0f14
srawlins,https://api.github.com/repos/dart-lang/markdown/pulls/217,https://api.github.com/repos/dart-lang/markdown/issues/217,closed,2018-04-14,2018-04-19,2018-04-19,ccde97300d0ad936ec66fd90ca0401d7b19978bc
srawlins,https://api.github.com/repos/dart-lang/markdown/pulls/215,https://api.github.com/repos/dart-lang/markdown/issues/215,closed,2018-04-10,2018-04-10,2018-04-10,1f7125ee1cec1569547c87a8c2dbf0a52b06d4b2
kevmoo,https://api.github.com/repos/dart-lang/markdown/pulls/210,https://api.github.com/repos/dart-lang/markdown/issues/210,closed,2018-03-27,2018-03-27,2018-03-27,fd6e83ead406a0660d5f5e80a065fd657425d54f
kevmoo,https://api.github.com/repos/dart-lang/markdown/pulls/209,https://api.github.com/repos/dart-lang/markdown/issues/209,closed,2018-03-27,2018-03-27,2018-03-27,9760cd63f5be0bd455e1b34dfd20132bdfdc7b5c
kevmoo,https://api.github.com/repos/dart-lang/markdown/pulls/208,https://api.github.com/repos/dart-lang/markdown/issues/208,closed,2018-03-23,2018-03-27,2018-03-27,f98bdbff8fd61a3a54827352d6e035e9fe463822
srawlins,https://api.github.com/repos/dart-lang/markdown/pulls/207,https://api.github.com/repos/dart-lang/markdown/issues/207,closed,2018-03-23,2018-03-23,2018-03-23,2e440cf0b67a7fc3c57e8f096f531e9e9ea55103
kevmoo,https://api.github.com/repos/dart-lang/markdown/pulls/206,https://api.github.com/repos/dart-lang/markdown/issues/206,closed,2018-03-06,2018-03-06,2018-03-06,1b408e55095dec9f3eca30cae4c1d746ecd43dc5
srawlins,https://api.github.com/repos/dart-lang/markdown/pulls/205,https://api.github.com/repos/dart-lang/markdown/issues/205,closed,2018-01-28,2021-11-02,2018-01-29,827256db7ad34b420b8053351eab09977e6dc1a3
srawlins,https://api.github.com/repos/dart-lang/markdown/pulls/204,https://api.github.com/repos/dart-lang/markdown/issues/204,closed,2018-01-19,2018-01-19,2018-01-19,2a03e87e07af646546ae7ec7ec5395aa5540b101
dudeofawesome,https://api.github.com/repos/dart-lang/markdown/pulls/203,https://api.github.com/repos/dart-lang/markdown/issues/203,closed,2018-01-13,2018-01-29,2018-01-29,c0c436106ed71c5ff254e9f27feb54f4e9bb025e
srawlins,https://api.github.com/repos/dart-lang/markdown/pulls/202,https://api.github.com/repos/dart-lang/markdown/issues/202,closed,2018-01-11,2018-03-23,2018-03-23,edd15a170e3ca36189dd1fc42b3b0fbe5d10ed60
kevmoo,https://api.github.com/repos/dart-lang/markdown/pulls/200,https://api.github.com/repos/dart-lang/markdown/issues/200,closed,2018-01-08,2018-01-08,2018-01-08,f5eb456e888e51b7ea1b9ec64c1722d302bf72b2
srawlins,https://api.github.com/repos/dart-lang/markdown/pulls/199,https://api.github.com/repos/dart-lang/markdown/issues/199,closed,2018-01-06,2018-01-08,2018-01-08,b9c53d1bc5987ef6b6e6b2e21dfa408fca430fca
srawlins,https://api.github.com/repos/dart-lang/markdown/pulls/198,https://api.github.com/repos/dart-lang/markdown/issues/198,closed,2018-01-05,2018-01-05,2018-01-05,cb1c6fcbeffb3c1c641fefd7b6e3d0ba596e0509
kevmoo,https://api.github.com/repos/dart-lang/markdown/pulls/197,https://api.github.com/repos/dart-lang/markdown/issues/197,closed,2018-01-04,2018-01-04,2018-01-04,c1a29f8ed5d167d4ea89e4563a9bd9d8acc5fdcd
kevmoo,https://api.github.com/repos/dart-lang/markdown/pulls/196,https://api.github.com/repos/dart-lang/markdown/issues/196,closed,2018-01-03,2018-01-03,2018-01-03,25b260e6f27d14830372003d0fdd42a8854f1983
srawlins,https://api.github.com/repos/dart-lang/markdown/pulls/195,https://api.github.com/repos/dart-lang/markdown/issues/195,closed,2018-01-03,2018-01-03,2018-01-03,fa0917d88bd688b7d0c97e2d07cf8611deb96f77
srawlins,https://api.github.com/repos/dart-lang/markdown/pulls/194,https://api.github.com/repos/dart-lang/markdown/issues/194,closed,2018-01-03,2018-01-03,2018-01-03,add9a577ddba14513732d6968cdc4b2bc231a155
srawlins,https://api.github.com/repos/dart-lang/markdown/pulls/193,https://api.github.com/repos/dart-lang/markdown/issues/193,closed,2018-01-02,2018-01-02,2018-01-02,96250b902841a3d43ad2ed0801a5954362e3f7f1
kevmoo,https://api.github.com/repos/dart-lang/markdown/pulls/192,https://api.github.com/repos/dart-lang/markdown/issues/192,closed,2017-12-31,2018-01-01,,2cd43facbc36c24fe50296f9d5879ae104a335da
srawlins,https://api.github.com/repos/dart-lang/markdown/pulls/190,https://api.github.com/repos/dart-lang/markdown/issues/190,closed,2017-12-30,2018-04-11,2018-04-11,10c1889d5ba56dec7619a56966268d5ba097bbbd
srawlins,https://api.github.com/repos/dart-lang/markdown/pulls/189,https://api.github.com/repos/dart-lang/markdown/issues/189,closed,2017-12-28,2017-12-30,2017-12-30,0eb8ae2a23295666149f3df0b2b184869c189b82
srawlins,https://api.github.com/repos/dart-lang/markdown/pulls/188,https://api.github.com/repos/dart-lang/markdown/issues/188,closed,2017-12-19,2017-12-20,2017-12-20,bad4568368b07137a4f0f076c54295c3110bf522
srawlins,https://api.github.com/repos/dart-lang/markdown/pulls/187,https://api.github.com/repos/dart-lang/markdown/issues/187,closed,2017-12-17,2017-12-18,2017-12-18,a59f2ca715e5a76c31da3fda999eab3b799ee38a
kwalrath,https://api.github.com/repos/dart-lang/markdown/pulls/184,https://api.github.com/repos/dart-lang/markdown/issues/184,closed,2017-11-07,2017-11-08,2017-11-08,b769d50bb3fbfada664175d4c8cc276435057521
kevmoo,https://api.github.com/repos/dart-lang/markdown/pulls/183,https://api.github.com/repos/dart-lang/markdown/issues/183,closed,2017-11-02,2017-11-02,2017-11-02,5fe9a494bf931198ec1b705278135cca8f7f29da
mit-mit,https://api.github.com/repos/dart-lang/markdown/pulls/182,https://api.github.com/repos/dart-lang/markdown/issues/182,closed,2017-11-02,2017-11-02,2017-11-02,0a9c402af282655cc7bbe31553fa12c36d5b3cc4
kevmoo,https://api.github.com/repos/dart-lang/markdown/pulls/180,https://api.github.com/repos/dart-lang/markdown/issues/180,closed,2017-10-25,2017-10-25,2017-10-25,44977d9bd6c7a6525ef6bac7ba31e01072954656
kevmoo,https://api.github.com/repos/dart-lang/markdown/pulls/179,https://api.github.com/repos/dart-lang/markdown/issues/179,closed,2017-10-25,2017-10-25,2017-10-25,956d269dd40d2cf7ed422c26c89c4d5215e5e4e9
kevmoo,https://api.github.com/repos/dart-lang/markdown/pulls/177,https://api.github.com/repos/dart-lang/markdown/issues/177,closed,2017-10-11,2017-10-25,2017-10-25,8f5d3fc42140143c9cd27069656a0a8cb7d01410
kevmoo,https://api.github.com/repos/dart-lang/markdown/pulls/174,https://api.github.com/repos/dart-lang/markdown/issues/174,closed,2017-08-18,2017-08-19,2017-08-19,ca24b72a505715c7052360e0af0a4d18df0811f2
kevmoo,https://api.github.com/repos/dart-lang/markdown/pulls/173,https://api.github.com/repos/dart-lang/markdown/issues/173,closed,2017-08-18,2017-08-18,2017-08-18,22f74fb9a85414b1eef5861f78d2020b6688d25e
srawlins,https://api.github.com/repos/dart-lang/markdown/pulls/170,https://api.github.com/repos/dart-lang/markdown/issues/170,closed,2017-06-09,2017-06-09,2017-06-09,d09342c6a19721e3d4ac08e766e041efdb32df01
srawlins,https://api.github.com/repos/dart-lang/markdown/pulls/169,https://api.github.com/repos/dart-lang/markdown/issues/169,closed,2017-06-08,2017-06-08,2017-06-08,3f5b1a698def0a71e3e2d6c6cc97fbfa84418e73
kevmoo,https://api.github.com/repos/dart-lang/markdown/pulls/168,https://api.github.com/repos/dart-lang/markdown/issues/168,closed,2017-06-08,2017-06-08,2017-06-08,f3ddfa44ec3aa6bf56abc04587b2de506face98b
kevmoo,https://api.github.com/repos/dart-lang/markdown/pulls/167,https://api.github.com/repos/dart-lang/markdown/issues/167,closed,2017-06-08,2017-06-08,2017-06-08,7e7131211067316746c44e6586f0991c10fafcfa
kevmoo,https://api.github.com/repos/dart-lang/markdown/pulls/166,https://api.github.com/repos/dart-lang/markdown/issues/166,closed,2017-06-08,2017-06-08,2017-06-08,48ba075e45dd4a23c392dfd0aaae127a41453b93
kevmoo,https://api.github.com/repos/dart-lang/markdown/pulls/165,https://api.github.com/repos/dart-lang/markdown/issues/165,closed,2017-06-08,2017-06-08,2017-06-08,e841e6108167928a0d88a00a0399d4feefef7fc8
srawlins,https://api.github.com/repos/dart-lang/markdown/pulls/164,https://api.github.com/repos/dart-lang/markdown/issues/164,closed,2017-06-08,2017-06-08,2017-06-08,55d7d56bf5abb807942328dd43be418ba05e4dc8
srawlins,https://api.github.com/repos/dart-lang/markdown/pulls/163,https://api.github.com/repos/dart-lang/markdown/issues/163,closed,2017-06-08,2017-06-08,2017-06-08,3c93cec8b138bf4987146c7a692722f171449480
kevmoo,https://api.github.com/repos/dart-lang/markdown/pulls/159,https://api.github.com/repos/dart-lang/markdown/issues/159,closed,2017-04-06,2017-04-06,2017-04-06,576b352299d4371fadad52d130e946acf21b9025
tomyeh,https://api.github.com/repos/dart-lang/markdown/pulls/157,https://api.github.com/repos/dart-lang/markdown/issues/157,closed,2017-03-22,2017-03-22,,482e6e43013389900c11719419a9c13ebf0530b0
tomyeh,https://api.github.com/repos/dart-lang/markdown/pulls/154,https://api.github.com/repos/dart-lang/markdown/issues/154,closed,2017-02-24,2017-02-24,2017-02-24,9d416f9c59392c319a329865019d469615c2e812
srawlins,https://api.github.com/repos/dart-lang/markdown/pulls/150,https://api.github.com/repos/dart-lang/markdown/issues/150,closed,2016-12-27,2017-01-20,2017-01-20,bbd271a00b671f445fde699db875f58710aa84ac
kevmoo,https://api.github.com/repos/dart-lang/markdown/pulls/148,https://api.github.com/repos/dart-lang/markdown/issues/148,closed,2016-12-10,2016-12-14,2016-12-14,9b70f4070e949526c693f7d2beb1753db9bf38fb
kevmoo,https://api.github.com/repos/dart-lang/markdown/pulls/147,https://api.github.com/repos/dart-lang/markdown/issues/147,closed,2016-12-10,2016-12-10,2016-12-10,3350c47cd8e8b9a5a90afc20921a408e3b045cf7
jcollins-g,https://api.github.com/repos/dart-lang/markdown/pulls/146,https://api.github.com/repos/dart-lang/markdown/issues/146,closed,2016-11-22,2016-12-09,2016-12-09,2264ebde0dc3d293e3fad785946d1139de7e6d1f
kevmoo,https://api.github.com/repos/dart-lang/markdown/pulls/144,https://api.github.com/repos/dart-lang/markdown/issues/144,closed,2016-10-26,2016-10-26,2016-10-26,905819813a1bb7c13cbf90863b8792c007081658
srawlins,https://api.github.com/repos/dart-lang/markdown/pulls/143,https://api.github.com/repos/dart-lang/markdown/issues/143,closed,2016-10-26,2016-10-26,2016-10-26,765ec2c4b9f7cb7e27dce78e4dd8982cdbce7296
zoechi,https://api.github.com/repos/dart-lang/markdown/pulls/141,https://api.github.com/repos/dart-lang/markdown/issues/141,closed,2016-10-21,2016-10-21,2016-10-21,617fe22e22549230995de141c88f67c902376cc0
srawlins,https://api.github.com/repos/dart-lang/markdown/pulls/139,https://api.github.com/repos/dart-lang/markdown/issues/139,closed,2016-09-09,2021-11-02,2016-09-09,63ecb30138f263b2d4a566734bebc4e37dce9911
srawlins,https://api.github.com/repos/dart-lang/markdown/pulls/138,https://api.github.com/repos/dart-lang/markdown/issues/138,closed,2016-09-07,2016-09-07,2016-09-07,7b351be528a46522b244a4cbd604dd44e85d655a
srawlins,https://api.github.com/repos/dart-lang/markdown/pulls/137,https://api.github.com/repos/dart-lang/markdown/issues/137,closed,2016-09-07,2021-11-02,,3c9a13231512c7c152e29ed58c4105cc90854cbd
srawlins,https://api.github.com/repos/dart-lang/markdown/pulls/136,https://api.github.com/repos/dart-lang/markdown/issues/136,closed,2016-09-07,2021-11-02,,1881712678ac0ea96e7f31980d4d42e178a5f670
srawlins,https://api.github.com/repos/dart-lang/markdown/pulls/133,https://api.github.com/repos/dart-lang/markdown/issues/133,closed,2016-08-19,2016-08-28,,ae787e3e7f7f316970aae7a0841c98274e8b3a2f
srawlins,https://api.github.com/repos/dart-lang/markdown/pulls/132,https://api.github.com/repos/dart-lang/markdown/issues/132,closed,2016-08-11,2016-09-09,2016-09-09,4cf7db6e4fefc813f91e15ff019d80354de4593e
srawlins,https://api.github.com/repos/dart-lang/markdown/pulls/131,https://api.github.com/repos/dart-lang/markdown/issues/131,closed,2016-08-11,2016-08-19,2016-08-19,6802ba210a5c8793731d74e5563a4859136d29da
srawlins,https://api.github.com/repos/dart-lang/markdown/pulls/130,https://api.github.com/repos/dart-lang/markdown/issues/130,closed,2016-08-11,2016-08-19,2016-08-19,b92ffe40ce242d1f7763b31a5bcc42815aa2c905
kevmoo,https://api.github.com/repos/dart-lang/markdown/pulls/129,https://api.github.com/repos/dart-lang/markdown/issues/129,closed,2016-08-10,2016-08-11,2016-08-11,c97b8d6a380ea3809a33833cee91ad03955a9364
kevmoo,https://api.github.com/repos/dart-lang/markdown/pulls/128,https://api.github.com/repos/dart-lang/markdown/issues/128,closed,2016-08-10,2016-08-10,,1945fecbb29f08d3ac07af5bb6a13cde1ced5176
kevmoo,https://api.github.com/repos/dart-lang/markdown/pulls/126,https://api.github.com/repos/dart-lang/markdown/issues/126,closed,2016-08-10,2016-08-10,2016-08-10,315c5736a277b360deaed2f80a9e2ed61f4fadd8
srawlins,https://api.github.com/repos/dart-lang/markdown/pulls/125,https://api.github.com/repos/dart-lang/markdown/issues/125,closed,2016-08-09,2016-08-10,2016-08-10,116477a18489c5489f86643199e7826a341617ed
kevmoo,https://api.github.com/repos/dart-lang/markdown/pulls/123,https://api.github.com/repos/dart-lang/markdown/issues/123,closed,2016-08-08,2016-08-08,2016-08-08,4d54b4a999f023875d6c27db0b65df2794cbba77
kevmoo,https://api.github.com/repos/dart-lang/markdown/pulls/122,https://api.github.com/repos/dart-lang/markdown/issues/122,closed,2016-08-08,2016-08-08,,8aa52360ffe396cdcc2e2acdbf6634cebefb57d7
kevmoo,https://api.github.com/repos/dart-lang/markdown/pulls/121,https://api.github.com/repos/dart-lang/markdown/issues/121,closed,2016-08-08,2016-08-08,2016-08-08,1e2e434973966b518f5bccfa5846040ebc4deef7
srawlins,https://api.github.com/repos/dart-lang/markdown/pulls/120,https://api.github.com/repos/dart-lang/markdown/issues/120,closed,2016-08-05,2016-08-06,2016-08-06,6c8e0740384dd10ed1aa5fe8963bd2481b97be42
kevmoo,https://api.github.com/repos/dart-lang/markdown/pulls/117,https://api.github.com/repos/dart-lang/markdown/issues/117,closed,2016-08-04,2016-08-05,2016-08-05,1fa91ef59b3a5182e4f3b849c43b0f9a5d2a7b73
kevmoo,https://api.github.com/repos/dart-lang/markdown/pulls/112,https://api.github.com/repos/dart-lang/markdown/issues/112,closed,2016-07-19,2016-07-19,2016-07-19,e245a21a91748253150166fb32ddd9596afa99c2
kevmoo,https://api.github.com/repos/dart-lang/markdown/pulls/111,https://api.github.com/repos/dart-lang/markdown/issues/111,closed,2016-07-18,2016-07-19,2016-07-19,2725a47bbf0e93e32a73caca05778478326b03ac
srawlins,https://api.github.com/repos/dart-lang/markdown/pulls/110,https://api.github.com/repos/dart-lang/markdown/issues/110,closed,2016-07-12,2016-07-19,2016-07-19,2699d17131bdc7aafcff7a9e21acf210f9015c15
kevmoo,https://api.github.com/repos/dart-lang/markdown/pulls/109,https://api.github.com/repos/dart-lang/markdown/issues/109,closed,2016-07-10,2016-07-11,2016-07-11,2b8eef31432237d10345582788e2820120cd5d70
srawlins,https://api.github.com/repos/dart-lang/markdown/pulls/108,https://api.github.com/repos/dart-lang/markdown/issues/108,closed,2016-07-08,2021-11-02,2016-07-11,e9b893b97b6a52e75b4c8ba86ed0df31ba569043
srawlins,https://api.github.com/repos/dart-lang/markdown/pulls/107,https://api.github.com/repos/dart-lang/markdown/issues/107,closed,2016-07-08,2021-11-02,,ceb38d5828a3755275bdf6ed15eabc4ae838c3b4
kevmoo,https://api.github.com/repos/dart-lang/markdown/pulls/106,https://api.github.com/repos/dart-lang/markdown/issues/106,closed,2016-07-07,2016-07-08,2016-07-08,6796a5b70d89e2832dd461f740dcac8a7a95b414
kevmoo,https://api.github.com/repos/dart-lang/markdown/pulls/105,https://api.github.com/repos/dart-lang/markdown/issues/105,closed,2016-07-07,2016-07-07,2016-07-07,c06b2e03d131da5e9b598848bc0a573b7b2f2037
srawlins,https://api.github.com/repos/dart-lang/markdown/pulls/104,https://api.github.com/repos/dart-lang/markdown/issues/104,closed,2016-07-07,2016-07-07,2016-07-07,93ca7a01a27ef0c9338b1fa4ff5c2776d35e5760
srawlins,https://api.github.com/repos/dart-lang/markdown/pulls/103,https://api.github.com/repos/dart-lang/markdown/issues/103,closed,2016-07-05,2016-07-07,2016-07-07,c62aed8409eace8a20c5207050a61acc4ba02a0a
srawlins,https://api.github.com/repos/dart-lang/markdown/pulls/102,https://api.github.com/repos/dart-lang/markdown/issues/102,closed,2016-07-05,2021-11-02,2016-07-08,547f9a2b24da8947e5ac3348ab436def780a482e
kevmoo,https://api.github.com/repos/dart-lang/markdown/pulls/100,https://api.github.com/repos/dart-lang/markdown/issues/100,closed,2016-06-06,2016-07-05,2016-07-05,854b41ae70279a02726a2d12042cf4fb5f162949
srawlins,https://api.github.com/repos/dart-lang/markdown/pulls/98,https://api.github.com/repos/dart-lang/markdown/issues/98,closed,2016-05-31,2016-06-01,2016-06-01,c9151f477fa06d2c27fb775cc74ce3df309e4deb
srawlins,https://api.github.com/repos/dart-lang/markdown/pulls/97,https://api.github.com/repos/dart-lang/markdown/issues/97,closed,2016-05-31,2016-06-01,2016-06-01,312c5b83855732e1c6e29bba7a47ae413bcc8772
srawlins,https://api.github.com/repos/dart-lang/markdown/pulls/96,https://api.github.com/repos/dart-lang/markdown/issues/96,closed,2016-05-27,2016-05-28,2016-05-28,6d2227434b2dc026d05a7ef57a32e9d77958978a
srawlins,https://api.github.com/repos/dart-lang/markdown/pulls/95,https://api.github.com/repos/dart-lang/markdown/issues/95,closed,2016-05-27,2016-05-28,2016-05-28,48bf463f00b74513a8204082f83241e84751974e
srawlins,https://api.github.com/repos/dart-lang/markdown/pulls/94,https://api.github.com/repos/dart-lang/markdown/issues/94,closed,2016-05-27,2016-05-28,2016-05-28,3836e1f86cf0aa217cfe4c49be00fdfd5cbb2760
srawlins,https://api.github.com/repos/dart-lang/markdown/pulls/93,https://api.github.com/repos/dart-lang/markdown/issues/93,closed,2016-05-19,2016-05-22,2016-05-22,734b16f8ba57d36bd967c0706318b12c1700bb7f
munificent,https://api.github.com/repos/dart-lang/markdown/pulls/91,https://api.github.com/repos/dart-lang/markdown/issues/91,closed,2016-03-25,2016-04-14,2016-03-25,67efe76006d4e5df965538fe390deee064b7da65
munificent,https://api.github.com/repos/dart-lang/markdown/pulls/90,https://api.github.com/repos/dart-lang/markdown/issues/90,closed,2016-03-25,2016-04-14,2016-03-25,89d2beebf02f0c5a65490d18012c06c67daa0e3f
kevmoo,https://api.github.com/repos/dart-lang/markdown/pulls/89,https://api.github.com/repos/dart-lang/markdown/issues/89,closed,2016-02-18,2016-02-18,,0965deaf79226dc0522a8eaa60fcc40fbfa56c79
kevmoo,https://api.github.com/repos/dart-lang/markdown/pulls/88,https://api.github.com/repos/dart-lang/markdown/issues/88,closed,2016-02-17,2016-03-10,2016-03-10,b6bf3730048712c55f4236fe23e189b8b85dd264
mehaase,https://api.github.com/repos/dart-lang/markdown/pulls/87,https://api.github.com/repos/dart-lang/markdown/issues/87,closed,2016-02-17,2016-04-18,2016-02-17,19169106678cfb5f738090f029336ad90108887d
mehaase,https://api.github.com/repos/dart-lang/markdown/pulls/85,https://api.github.com/repos/dart-lang/markdown/issues/85,closed,2016-02-17,2016-02-17,2016-02-17,363b9d6857291b12b727e988ca2dec1dc34c3b98
mehaase,https://api.github.com/repos/dart-lang/markdown/pulls/84,https://api.github.com/repos/dart-lang/markdown/issues/84,closed,2016-02-17,2016-04-18,2016-04-18,adb3d5e1730e81f42a6661c0053b3f6b8197e37c
jiridanek,https://api.github.com/repos/dart-lang/markdown/pulls/81,https://api.github.com/repos/dart-lang/markdown/issues/81,closed,2016-01-21,2016-04-13,2016-04-13,0dd44ab2b9d9a6045fb288a45bd4059596c2dd5d
kevmoo,https://api.github.com/repos/dart-lang/markdown/pulls/80,https://api.github.com/repos/dart-lang/markdown/issues/80,closed,2015-11-17,2015-11-17,2015-11-17,a2edc2f6993e043acdbc46f213dcef2bf7640016
kevmoo,https://api.github.com/repos/dart-lang/markdown/pulls/79,https://api.github.com/repos/dart-lang/markdown/issues/79,closed,2015-11-17,2015-11-17,2015-11-17,7ec662b868a8e8a0699103215f177fee6b0b8afd
srawlins,https://api.github.com/repos/dart-lang/markdown/pulls/78,https://api.github.com/repos/dart-lang/markdown/issues/78,closed,2015-11-16,2016-08-11,2016-08-11,da4b3ba193f1b4456b0127acb41981a1a9e2638f
srawlins,https://api.github.com/repos/dart-lang/markdown/pulls/77,https://api.github.com/repos/dart-lang/markdown/issues/77,closed,2015-11-10,2021-11-02,2015-11-10,1655130bfad6d0a498931e71073dbfacb010b2f9
srawlins,https://api.github.com/repos/dart-lang/markdown/pulls/76,https://api.github.com/repos/dart-lang/markdown/issues/76,closed,2015-11-06,2015-11-10,2015-11-06,a5f39077dc6400c393fca58f4554683642a67a7b
srawlins,https://api.github.com/repos/dart-lang/markdown/pulls/75,https://api.github.com/repos/dart-lang/markdown/issues/75,closed,2015-11-05,2015-11-10,2015-11-06,a2f5fffb279e894dda4ffd1f461c14873a23bfad
kevmoo,https://api.github.com/repos/dart-lang/markdown/pulls/73,https://api.github.com/repos/dart-lang/markdown/issues/73,closed,2015-10-26,2015-11-06,2015-10-26,45b7040b288f89f6a5ae2242b3009cef0955b3e2
kevmoo,https://api.github.com/repos/dart-lang/markdown/pulls/72,https://api.github.com/repos/dart-lang/markdown/issues/72,closed,2015-10-26,2015-10-26,2015-10-26,1ad598fb31fdd4bc62ed2cb2788c5d798335d6d3
srawlins,https://api.github.com/repos/dart-lang/markdown/pulls/71,https://api.github.com/repos/dart-lang/markdown/issues/71,closed,2015-10-23,2015-10-26,2015-10-26,e58cc0071cf1174688695991135acc4005499ab1
srawlins,https://api.github.com/repos/dart-lang/markdown/pulls/70,https://api.github.com/repos/dart-lang/markdown/issues/70,closed,2015-10-16,2016-04-13,,0ea8f73041f90be446e453f8ec774a4e5bd7046e
srawlins,https://api.github.com/repos/dart-lang/markdown/pulls/69,https://api.github.com/repos/dart-lang/markdown/issues/69,closed,2015-10-16,2015-10-20,2015-10-20,81f5a2e5a40d86a7b166adf480d28c2d223e3577
srawlins,https://api.github.com/repos/dart-lang/markdown/pulls/66,https://api.github.com/repos/dart-lang/markdown/issues/66,closed,2015-10-12,2015-10-20,2015-10-20,afbb751243b889c1fcf6f905513386bb4ca4aaf7
srawlins,https://api.github.com/repos/dart-lang/markdown/pulls/64,https://api.github.com/repos/dart-lang/markdown/issues/64,closed,2015-10-08,2015-10-09,2015-10-09,663c970bf73fc80756eb6078c721cea87466a2e8
srawlins,https://api.github.com/repos/dart-lang/markdown/pulls/63,https://api.github.com/repos/dart-lang/markdown/issues/63,closed,2015-10-07,2015-10-09,2015-10-09,0b12495fe6ea4a7ad2bf3c73ea8b19b7afb908d7
srawlins,https://api.github.com/repos/dart-lang/markdown/pulls/62,https://api.github.com/repos/dart-lang/markdown/issues/62,closed,2015-10-07,2015-10-07,2015-10-07,80aded94fa71c99123ac32aa14f060807a3bf15a
srawlins,https://api.github.com/repos/dart-lang/markdown/pulls/59,https://api.github.com/repos/dart-lang/markdown/issues/59,closed,2015-10-06,2015-10-07,2015-10-07,e7e89838f0e2412484d4b4271a2be88b9379bf28
srawlins,https://api.github.com/repos/dart-lang/markdown/pulls/56,https://api.github.com/repos/dart-lang/markdown/issues/56,closed,2015-09-23,2015-09-29,2015-09-29,30d531098b185259fcc47cb6b5485cb2ab5cb3d2
srawlins,https://api.github.com/repos/dart-lang/markdown/pulls/55,https://api.github.com/repos/dart-lang/markdown/issues/55,closed,2015-09-22,2015-09-23,2015-09-23,3077ec95f5b3f294e63180155cfdba084cb4893b
srawlins,https://api.github.com/repos/dart-lang/markdown/pulls/54,https://api.github.com/repos/dart-lang/markdown/issues/54,closed,2015-09-22,2015-09-22,2015-09-22,131c2779e23ff9ac9b5279c1b03fa50c548dcd7e
srawlins,https://api.github.com/repos/dart-lang/markdown/pulls/50,https://api.github.com/repos/dart-lang/markdown/issues/50,closed,2015-09-13,2015-09-22,2015-09-14,aa985267e0fbad46f117b0728ef1fb41521564db
srawlins,https://api.github.com/repos/dart-lang/markdown/pulls/49,https://api.github.com/repos/dart-lang/markdown/issues/49,closed,2015-09-13,2015-09-22,2015-09-14,4c2502eb403ee71cc13df6c5deed5a802f2781f6
srawlins,https://api.github.com/repos/dart-lang/markdown/pulls/48,https://api.github.com/repos/dart-lang/markdown/issues/48,closed,2015-09-12,2021-11-02,,0369adf30ea405c6cd4af4bb81d958f8c25447f4
srawlins,https://api.github.com/repos/dart-lang/markdown/pulls/46,https://api.github.com/repos/dart-lang/markdown/issues/46,closed,2015-09-12,2015-09-18,2015-09-18,3389da96acba08ae39a9f4b07e3463f8e1d93c80
srawlins,https://api.github.com/repos/dart-lang/markdown/pulls/45,https://api.github.com/repos/dart-lang/markdown/issues/45,closed,2015-09-07,2015-10-06,2015-09-10,86004a4a9780a3ceb30a527d47a06d718bd887a0
srawlins,https://api.github.com/repos/dart-lang/markdown/pulls/44,https://api.github.com/repos/dart-lang/markdown/issues/44,closed,2015-09-07,2015-09-22,2015-09-22,3f9b59f07f521c7680c2d2164c61f61ff06e05f4
lrhn,https://api.github.com/repos/dart-lang/markdown/pulls/39,https://api.github.com/repos/dart-lang/markdown/issues/39,closed,2015-07-01,2015-09-11,2015-09-11,37027a20d89e60df3dad5f547c9276c22422290d
johnpryan,https://api.github.com/repos/dart-lang/markdown/pulls/36,https://api.github.com/repos/dart-lang/markdown/issues/36,closed,2015-05-04,2015-10-15,,fb2e516af1655d82c4535baa51e91345618e447a
kevmoo,https://api.github.com/repos/dart-lang/markdown/pulls/34,https://api.github.com/repos/dart-lang/markdown/issues/34,closed,2015-02-14,2015-09-12,,c5cac2647c1ae8292c3db4b380d461cbd112cd13
kevmoo,https://api.github.com/repos/dart-lang/markdown/pulls/32,https://api.github.com/repos/dart-lang/markdown/issues/32,closed,2014-12-18,2014-12-19,2014-12-19,e05185da39129641d9d3dea1bb06aae3939f8476
srawlins,https://api.github.com/repos/dart-lang/markdown/pulls/31,https://api.github.com/repos/dart-lang/markdown/issues/31,closed,2014-08-08,2015-09-29,2015-09-29,dcfe07c7facfe3a30f7121109360dfce17e67cee
0xcaff,https://api.github.com/repos/dart-lang/markdown/pulls/28,https://api.github.com/repos/dart-lang/markdown/issues/28,closed,2014-05-30,2014-06-01,,2e59c4e74949974e4802dce0f09d6cc50e8d0e93
0xcaff,https://api.github.com/repos/dart-lang/markdown/pulls/26,https://api.github.com/repos/dart-lang/markdown/issues/26,closed,2014-05-27,2015-09-14,,c306a4d3574691f3a8ccd5bf1440115035f9b174
0xcaff,https://api.github.com/repos/dart-lang/markdown/pulls/25,https://api.github.com/repos/dart-lang/markdown/issues/25,closed,2014-05-21,2014-06-27,2014-05-23,2f12c634398015c771ce0df866db7b7abd93e681
0xcaff,https://api.github.com/repos/dart-lang/markdown/pulls/22,https://api.github.com/repos/dart-lang/markdown/issues/22,closed,2014-05-19,2014-08-16,2014-05-19,316b2fef7afa0c9b704ceb229e735eef2850ba90
kevmoo,https://api.github.com/repos/dart-lang/markdown/pulls/16,https://api.github.com/repos/dart-lang/markdown/issues/16,closed,2014-04-04,2014-06-01,2014-04-08,b7bafc0e157f0e19c59930e81f3125871e73302f
0xcaff,https://api.github.com/repos/dart-lang/markdown/pulls/13,https://api.github.com/repos/dart-lang/markdown/issues/13,closed,2014-03-29,2014-03-30,2014-03-30,6173eed138d8e432e6768f13482e3c4d4ce42c13
0xcaff,https://api.github.com/repos/dart-lang/markdown/pulls/10,https://api.github.com/repos/dart-lang/markdown/issues/10,closed,2014-03-27,2014-06-12,2014-03-28,3218992e75c431a503f5de08ac0a43fb132b0fe8
kevmoo,https://api.github.com/repos/dart-lang/markdown/pulls/8,https://api.github.com/repos/dart-lang/markdown/issues/8,closed,2014-03-06,2014-07-06,2014-03-06,33e25e708fa1527525db82667a7b9b9bb70f0fa7
dikmax,https://api.github.com/repos/dart-lang/markdown/pulls/6,https://api.github.com/repos/dart-lang/markdown/issues/6,closed,2014-01-07,2014-01-07,2014-01-07,741d04391b32d8ae9b6f6c8bc9e8bac363f9b91e
filiph,https://api.github.com/repos/dart-lang/markdown/pulls/5,https://api.github.com/repos/dart-lang/markdown/issues/5,closed,2013-12-13,2014-01-07,2014-01-07,91a81b21619d5e3a5f489df538defeebc5e9188f
efortuna,https://api.github.com/repos/dart-lang/markdown/pulls/4,https://api.github.com/repos/dart-lang/markdown/issues/4,closed,2013-11-05,2014-01-07,2014-01-07,8b1bf6c5bcc058a9152f21f656ad3f32dd68d18b
dmundt,https://api.github.com/repos/dart-lang/markdown/pulls/3,https://api.github.com/repos/dart-lang/markdown/issues/3,closed,2013-05-11,2013-05-12,2013-05-12,cbbd2742b013956ae0f47664b12840f61deddbfc
dpeek,https://api.github.com/repos/dart-lang/markdown/pulls/1,https://api.github.com/repos/dart-lang/markdown/issues/1,closed,2013-02-21,2013-02-21,2013-02-21,f425327ede3bdbe0beb0338af52ffd6d935c7842
